Zurich_class	largest_spot_size	larget_spot_distr	activity	evolution	previous24	hist_complex	comp_on_this_	area	area_of_largest	C_class	M_class	X_class
d	d	d	d	d	d	d	d	d	d	d	d	d

C	S	O	1	2	1	1	2	1	2	0	0	0
D	S	O	1	3	1	1	2	1	2	0	0	0
C	S	O	1	3	1	1	2	1	1	0	0	0
D	S	O	1	3	1	1	2	1	2	0	0	0
D	A	O	1	3	1	1	2	1	2	0	0	0
D	A	O	1	2	1	1	2	1	2	0	0	0
D	A	O	1	2	1	1	2	1	1	0	0	0
D	A	O	1	2	1	1	2	1	2	0	0	0
D	K	O	1	3	1	1	2	1	2	0	0	0
C	R	O	1	3	1	1	2	1	1	0	0	0
B	X	O	1	3	1	1	2	1	1	0	0	0
D	S	O	1	2	1	1	2	1	1	0	0	0
C	H	I	1	3	1	1	2	1	2	0	0	0
D	R	O	1	3	1	1	2	1	1	0	0	0
B	X	O	1	2	1	1	2	1	1	0	0	0
B	X	O	1	3	1	1	2	1	1	0	0	0
D	K	I	1	3	1	1	2	1	2	0	0	0
D	S	O	1	2	1	1	2	1	2	0	0	0
D	R	O	1	2	1	1	2	1	1	0	0	0
C	A	I	1	2	1	1	2	1	2	0	0	0
C	S	O	1	2	1	1	2	1	1	0	0	0
B	X	O	1	3	1	1	2	1	1	0	0	0
F	K	I	1	3	1	2	2	1	2	0	0	0
B	X	O	1	2	1	1	2	1	1	0	0	0
H	R	X	1	2	1	1	1	1	2	0	0	0
B	X	I	1	3	1	1	2	1	1	0	0	0
C	R	I	1	3	1	1	2	1	2	0	0	0
B	X	O	1	3	1	1	2	1	1	0	0	0
B	X	O	1	3	1	1	2	1	2	0	0	0
D	A	I	1	3	1	2	2	1	2	0	0	0
D	A	O	1	3	1	1	2	1	2	1	0	1
B	X	O	1	3	1	1	2	1	1	0	0	0
D	A	I	1	3	1	1	2	1	2	0	0	0
B	X	O	1	3	1	1	2	1	2	0	0	0
D	R	O	1	3	1	1	2	1	2	0	0	0
D	A	O	1	2	1	1	2	1	1	0	0	0
C	A	I	1	3	1	1	2	1	1	0	0	0
D	A	I	1	2	1	2	2	1	1	1	0	0
D	A	I	2	2	3	1	2	1	2	0	0	0
D	A	I	1	2	1	2	2	1	2	0	0	0
B	X	O	1	3	1	1	2	1	1	0	0	0
D	R	O	1	1	1	1	2	1	1	0	0	0
D	A	I	1	2	1	1	2	1	1	0	0	0
D	S	O	1	1	1	1	2	1	1	0	0	0
D	S	I	1	3	1	1	2	1	1	0	0	0
D	A	I	1	3	1	2	2	1	2	2	1	0
D	A	I	2	3	1	2	2	1	1	0	0	0
D	A	I	1	2	1	2	2	1	1	0	0	0
B	X	O	1	2	1	1	2	1	1	0	0	0
D	S	O	1	3	1	2	2	1	2	0	0	0
D	S	O	1	3	1	1	2	1	1	0	0	0
B	X	O	1	3	1	1	2	1	1	0	0	0
D	A	O	1	3	1	2	2	1	2	0	0	0
D	K	C	2	3	1	2	2	1	2	1	1	0
D	A	I	1	3	1	2	2	1	2	0	0	0
B	X	O	1	3	1	1	2	1	1	0	0	0
D	A	O	1	3	1	2	2	1	2	0	0	0
D	S	I	1	3	1	1	2	1	1	0	0	0
D	K	C	1	2	1	1	2	1	2	0	0	0
D	A	I	1	2	1	1	2	1	2	0	0	0
B	X	O	1	3	1	1	2	1	1	0	0	0
D	S	O	1	2	1	2	2	1	2	0	0	0
D	K	C	2	3	3	2	2	1	2	1	2	1
E	K	I	2	3	1	2	2	1	2	0	0	0
D	S	I	1	3	1	2	2	1	2	1	0	0
C	S	O	1	2	1	2	2	1	2	0	0	0
D	S	I	1	3	1	2	2	1	2	0	0	0
H	H	X	1	2	1	2	2	1	1	1	0	0
D	S	I	1	3	1	2	2	1	2	0	0	0
B	X	O	1	3	1	1	2	1	1	0	0	0
B	X	O	1	3	1	1	2	1	1	0	0	0
C	R	O	1	3	1	1	2	1	1	0	0	0
H	S	X	1	2	1	1	1	1	2	0	0	0
D	A	O	1	2	1	2	2	1	2	0	0	0
D	K	C	2	2	3	2	2	1	2	0	0	0
D	K	I	1	3	1	2	2	1	2	0	2	1
D	S	I	1	2	1	2	2	1	1	0	1	0
C	A	O	1	2	1	2	2	1	2	0	0	0
D	S	O	1	1	1	2	2	1	2	0	0	0
H	S	X	1	3	1	2	2	1	2	0	0	0
D	K	I	1	3	1	2	2	1	2	0	0	0
H	R	X	1	2	1	1	2	1	2	0	0	0
B	X	O	1	2	1	1	2	1	1	0	0	0
H	S	X	1	3	1	1	1	1	2	0	0	0
C	S	O	1	1	1	2	2	1	2	0	0	0
D	K	C	2	2	3	2	2	1	2	0	0	0
D	A	I	1	2	1	2	2	1	2	0	0	0
C	S	O	2	2	1	2	2	1	1	0	0	0
C	S	O	1	2	1	2	2	1	2	0	0	0
C	S	O	1	2	1	2	2	1	2	0	0	0
C	S	O	2	3	1	2	2	1	2	0	0	0
D	K	I	1	3	1	2	2	1	2	0	1	0
H	R	X	1	2	1	1	2	1	2	0	0	0
H	S	X	1	3	1	1	1	1	2	0	0	0
C	S	O	1	2	1	1	2	1	2	1	0	0
C	K	O	1	2	3	2	2	1	2	0	0	0
C	S	O	1	1	3	2	2	1	2	0	0	0
C	S	O	1	1	1	2	2	1	2	0	0	0
C	K	I	1	3	1	2	2	1	2	0	0	0
E	A	C	1	3	1	2	2	1	2	0	0	0
H	R	X	1	2	1	1	2	1	2	0	0	0
H	S	X	1	2	1	1	1	1	2	0	0	0
H	R	X	1	2	1	1	2	1	2	0	0	0
H	S	X	2	2	1	1	2	1	2	0	0	0
B	X	O	1	3	1	1	2	1	2	0	0	0
C	S	I	1	2	1	2	2	1	2	0	0	0
H	S	X	1	1	1	2	2	1	2	0	0	1
D	K	C	1	3	3	2	2	1	2	0	1	0
D	A	I	2	2	3	2	2	1	2	0	0	0
H	S	X	1	2	1	1	2	1	2	0	0	0
B	X	O	1	2	1	1	2	1	1	0	0	0
C	S	I	2	3	3	1	2	1	1	0	1	0
C	S	O	1	1	1	1	2	1	2	0	1	0
H	K	X	2	2	3	2	2	1	2	0	0	0
D	K	I	1	3	1	2	2	1	2	0	0	0
H	A	X	1	3	1	1	2	1	2	0	0	0
C	R	O	1	1	1	1	2	1	2	0	0	0
C	R	O	1	3	1	1	2	1	2	0	0	0
B	X	O	1	3	1	1	2	1	1	0	0	0
B	X	O	1	3	1	1	2	1	1	1	0	0
H	K	X	1	3	1	2	2	1	2	0	0	0
C	K	I	1	3	1	2	2	1	2	0	0	0
H	S	X	1	2	1	1	2	1	2	0	0	0
B	X	O	1	3	1	1	2	1	1	0	0	0
C	R	I	2	3	3	1	2	1	2	0	0	0
H	R	X	1	2	3	1	2	1	2	0	0	0
B	X	O	1	3	1	1	2	1	1	0	0	0
D	R	O	1	3	1	1	2	1	2	0	0	0
H	K	X	1	2	1	2	2	1	2	0	0	0
D	K	I	1	2	1	2	2	1	2	0	0	0
H	H	X	1	3	1	1	2	1	2	0	0	0
B	X	I	1	3	1	1	2	1	1	0	0	0
B	X	O	1	3	1	1	2	1	1	0	0	0
B	X	I	1	3	1	1	2	1	1	0	0	0
D	R	O	2	2	1	1	2	1	2	1	0	0
H	A	X	1	3	1	2	2	1	2	0	0	0
C	K	O	1	2	1	2	2	1	2	0	0	0
H	S	X	1	2	1	1	2	1	2	0	0	0
B	X	O	1	2	1	1	2	1	1	0	0	0
B	X	O	1	2	1	1	2	1	1	1	0	0
C	R	O	1	3	1	1	2	1	1	0	0	0
B	X	I	1	3	1	1	2	1	1	0	0	0
C	A	O	1	3	1	2	2	1	2	0	0	0
C	K	I	1	2	1	2	2	1	2	0	0	0
H	S	X	1	2	1	1	2	1	2	0	0	0
D	S	I	1	3	1	1	2	1	1	0	0	0
B	X	O	1	2	1	1	2	1	1	0	0	0
B	X	O	2	2	1	1	2	1	1	0	0	0
H	S	X	1	2	1	1	1	1	2	0	0	0
H	A	X	1	3	1	1	2	1	2	0	0	0
C	K	I	1	3	1	2	2	1	2	2	4	0
B	X	O	1	3	1	1	2	1	2	0	0	0
H	S	X	1	3	1	1	1	1	2	0	0	0
C	S	O	1	3	1	1	2	1	2	0	1	0
C	A	I	1	3	1	1	2	1	2	0	0	0
H	S	X	1	3	1	1	1	1	2	0	0	0
D	S	O	1	3	1	1	2	1	2	1	0	0
C	S	O	1	2	3	2	2	1	2	0	0	0
B	X	O	1	2	1	1	2	1	1	0	0	0
H	S	X	1	2	1	1	1	1	2	0	0	0
C	S	O	1	3	1	1	2	1	2	0	0	0
C	S	O	1	3	1	1	2	1	2	0	0	0
H	A	X	1	3	1	1	1	1	2	2	0	0
B	X	O	2	1	1	1	2	1	1	1	0	0
H	R	X	1	2	1	1	1	1	2	0	0	0
C	S	O	2	2	1	2	2	1	2	0	1	0
H	S	X	1	3	1	1	1	1	2	0	0	0
H	S	X	2	2	3	1	2	1	2	0	0	0
C	S	O	1	2	1	1	2	1	2	0	0	0
C	A	I	1	3	1	1	2	1	2	0	0	0
E	S	I	1	3	1	1	2	1	2	0	2	0
B	X	O	1	2	1	1	2	1	1	0	0	0
D	S	O	1	2	1	1	2	1	2	1	0	0
C	S	O	1	1	1	2	2	1	2	0	0	0
C	S	O	1	2	1	1	2	1	2	0	0	0
H	S	X	1	1	1	1	2	1	2	0	0	0
C	S	O	1	2	1	1	2	1	2	0	0	0
C	S	I	2	2	1	1	2	1	2	0	0	0
D	S	O	1	2	1	2	2	1	2	2	4	0
D	S	O	1	3	1	1	2	1	2	1	0	0
B	X	O	1	3	1	1	2	1	2	0	0	0
C	A	O	1	3	1	1	2	1	2	0	0	0
C	S	O	1	3	1	1	2	1	2	0	0	0
C	R	I	1	3	1	1	2	1	2	0	0	0
B	X	O	1	2	3	2	2	1	2	0	0	0
B	X	I	2	3	1	1	2	1	2	1	0	0
D	H	O	1	2	1	1	2	1	2	0	0	0
H	S	X	1	1	1	1	2	1	2	0	0	0
H	R	X	1	2	1	1	2	1	2	0	0	0
H	A	X	1	2	1	1	2	1	2	0	0	0
C	R	I	1	2	1	1	2	1	2	0	0	0
C	R	O	2	1	1	1	2	1	2	0	0	0
D	K	O	1	3	1	1	2	1	2	1	0	0
D	R	O	1	2	1	1	2	1	2	0	0	0
H	S	X	1	2	1	1	2	1	2	0	0	0
B	X	O	1	2	1	1	2	1	1	0	0	0
B	X	I	1	3	1	1	2	1	2	0	0	0
B	X	O	1	3	1	1	2	1	1	0	0	0
C	S	O	1	3	1	1	2	1	2	1	1	0
D	A	I	1	3	1	1	2	1	2	0	0	0
B	X	O	1	3	1	1	2	1	2	0	1	0
B	X	O	1	2	1	1	2	1	2	0	0	0
B	X	I	1	3	1	1	2	1	1	0	0	0
B	X	I	1	3	1	1	2	1	1	0	0	0
D	A	I	1	3	1	1	2	1	2	0	0	0
C	H	I	2	3	1	1	2	1	2	0	0	0
D	K	O	1	3	1	2	2	1	2	2	0	0
B	X	O	1	3	1	1	2	1	2	1	0	0
C	K	I	1	3	1	1	2	1	1	0	0	0
C	A	O	1	2	1	1	2	1	2	0	0	0
D	A	I	1	2	1	1	2	1	2	0	0	0
B	X	O	1	3	1	1	2	1	2	0	0	0
B	X	I	1	3	1	1	2	1	2	0	0	0
B	X	O	1	3	1	1	2	1	2	1	1	0
B	X	I	1	2	1	2	2	1	2	0	0	0
B	X	I	1	3	1	1	2	1	1	0	0	0
C	A	I	1	3	1	2	2	1	2	0	0	0
C	H	I	2	2	3	1	2	1	2	1	1	0
F	K	I	1	2	1	2	2	1	2	1	1	0
C	R	O	1	2	3	1	2	1	2	0	0	0
E	A	O	1	2	1	1	2	1	2	0	0	0
C	S	O	1	1	1	1	2	1	2	0	0	0
D	A	I	1	3	1	2	2	1	2	0	0	0
B	X	O	2	3	1	1	2	1	2	0	1	0
C	R	O	1	3	1	1	2	1	2	0	0	0
D	S	I	1	2	1	2	2	1	2	0	0	0
H	A	X	1	3	1	1	1	1	2	0	0	0
B	X	O	1	2	1	1	2	1	1	0	0	0
C	A	O	1	3	1	2	2	1	2	0	0	0
D	H	I	1	3	1	1	2	1	2	0	0	0
F	A	I	2	3	1	2	2	1	2	0	0	0
E	K	O	1	3	1	1	2	1	2	1	0	0
H	S	X	1	3	1	1	2	1	2	0	0	0
D	K	C	1	3	1	2	2	1	2	0	0	0
B	X	O	1	3	1	1	2	1	1	0	0	0
B	X	O	2	2	3	1	2	1	1	0	0	0
D	A	I	1	3	1	1	2	1	2	0	0	0
C	A	I	1	3	1	2	2	1	2	0	0	0
H	R	X	1	2	1	1	1	1	2	0	0	0
C	R	O	1	1	1	2	2	1	1	0	0	0
D	H	I	2	3	3	2	2	1	2	0	0	0
E	K	I	2	2	3	2	2	1	2	0	1	0
E	K	I	1	3	1	1	2	1	2	0	0	0
C	S	O	1	2	1	1	2	1	2	0	0	0
D	K	C	1	3	1	2	2	1	2	1	0	0
B	X	O	1	3	1	1	2	1	1	0	0	0
B	X	O	2	2	3	1	2	1	1	0	0	0
D	S	O	1	3	1	2	2	1	2	0	0	0
H	R	X	1	3	1	1	2	1	2	0	0	0
H	A	X	1	3	1	2	2	1	2	0	0	0
H	R	X	1	2	1	1	1	1	2	0	0	0
H	S	X	1	3	1	1	2	1	2	0	0	0
C	R	I	1	3	1	1	2	1	2	0	0	0
C	H	I	1	2	1	2	2	1	2	1	0	0
F	A	I	1	3	1	2	2	1	2	0	1	0
E	K	I	2	3	1	2	2	1	2	0	0	0
H	S	X	1	2	1	1	2	1	2	0	0	0
D	K	C	1	3	1	2	2	1	2	0	1	1
D	S	I	1	3	1	2	2	1	2	0	0	0
H	A	X	1	3	1	2	2	1	2	0	1	1
H	R	X	1	2	1	1	1	1	1	0	0	0
H	S	X	1	2	1	1	2	1	2	0	0	0
B	X	O	1	3	1	1	2	1	2	0	0	0
C	H	O	1	2	1	2	2	1	2	0	0	0
F	A	I	2	3	3	2	2	1	2	0	1	0
E	K	C	1	3	1	2	2	1	2	0	1	0
C	S	O	1	3	1	1	2	1	2	0	0	0
D	K	C	2	3	1	2	2	2	2	2	0	0
C	S	O	1	2	1	2	2	1	2	0	0	0
C	R	O	1	2	1	2	2	1	1	0	0	0
B	X	O	1	3	1	1	2	1	1	0	0	0
H	R	X	1	3	1	1	2	1	2	0	0	0
E	A	I	1	3	1	1	2	1	2	0	0	0
B	X	O	1	2	1	1	2	1	1	0	0	0
H	S	X	2	3	1	2	2	1	2	0	0	0
E	A	I	2	2	3	2	2	1	2	0	0	0
E	K	I	1	2	1	2	2	1	2	1	0	0
H	S	X	1	3	1	1	2	1	2	0	0	0
D	K	C	2	3	3	2	2	2	2	0	2	0
C	S	I	1	2	1	2	2	1	1	0	0	0
B	X	O	1	3	1	1	2	1	1	0	0	0
E	A	I	1	3	1	2	2	1	2	0	0	0
B	X	O	1	3	1	1	2	1	1	0	0	0
H	K	X	1	2	1	2	2	1	2	0	0	0
F	K	I	1	3	3	2	2	2	2	0	0	0
E	A	I	2	2	3	2	2	1	2	0	1	0
H	H	X	1	3	1	1	2	1	2	0	0	0
D	K	C	2	2	1	2	2	2	2	1	0	0
C	A	O	1	3	1	2	2	1	2	0	0	0
E	K	I	1	3	1	1	2	1	2	0	0	0
H	S	X	1	2	1	2	2	1	2	0	0	0
F	S	O	1	2	1	2	2	1	2	0	0	0
E	A	I	2	2	1	2	2	1	2	2	0	0
H	S	X	1	2	1	1	2	1	2	0	0	0
D	K	C	2	2	3	2	2	2	2	1	2	0
H	S	X	1	1	1	2	2	1	2	0	0	0
E	S	I	1	3	1	1	2	1	2	0	0	0
H	S	X	1	2	1	2	2	1	2	0	0	0
F	S	O	1	2	1	2	2	1	2	0	0	0
E	S	O	2	2	3	2	2	1	2	0	1	0
H	S	X	1	2	1	1	2	1	2	0	0	0
D	K	C	2	2	1	2	2	2	2	1	1	0
H	S	X	1	2	1	2	2	1	2	0	0	0
C	S	O	1	2	1	2	2	1	2	0	0	0
B	X	O	1	3	1	1	2	1	1	0	0	0
B	X	O	1	3	1	1	2	1	1	0	0	0
H	S	X	1	3	1	1	1	1	2	0	0	0
H	S	X	1	2	1	2	2	1	2	0	0	0
E	A	O	2	3	1	2	2	1	2	0	0	0
H	S	X	1	3	1	1	2	1	2	0	0	0
D	K	C	2	2	3	2	2	2	2	1	0	1
H	S	X	1	3	1	2	2	1	2	0	0	0
C	A	O	1	2	1	2	2	1	2	0	0	0
D	A	O	1	3	1	1	2	1	2	0	0	0
D	S	O	1	3	1	1	2	1	2	0	0	0
C	S	O	1	1	3	2	2	1	2	0	0	0
H	S	X	1	2	1	1	2	1	2	0	0	0
D	K	C	2	3	3	2	2	2	2	0	0	0
C	R	O	1	2	1	2	2	1	2	0	0	0
D	R	O	1	3	1	1	2	1	2	0	0	0
E	A	O	1	3	1	1	2	1	2	0	0	0
C	R	O	1	3	1	1	2	1	1	0	0	0
E	K	C	1	3	1	1	2	2	2	0	2	0
