Name	Q-E	ZN-E	PH-E	DBO-E	DQO-E	SS-E	SSV-E	SED-E	COND-E	PH-P	DBO-P	SS-P	SSV-P	SED-P	COND-P	PH-D	DBO-D	DQO-D	SS-D	SSV-D	SED-D	COND-D	PH-S	DBO-S	DQO-S	SS-S	SSV-S	SED-S	COND-S	RD-DBO-P	RD-SS-P	RD-SED-P	RD-DBO-S	RD-DQO-S	RD-DBO-G	RD-DQO-G	RD-SS-G	RD-SSED-G
string	c	c	c	c	c	c	c	c	c	c	c	c	c	c	c	c	c	c	c	c	c	c	c	c	c	c	c	c	c	c	c	c	c	c	c	c	c	c
i
D-1/3/90	44101	1.50	7.8	?	407	166	66.3	4.5	2110	7.9	?	228	70.2	5.5	2120	7.9	?	280	94	72.3	0.3	2010	7.3	?	84	21	81.0	0.02	2000	?	58.8	95.5	?	70.0	?	79.4	87.3	99.6
D-2/3/90	39024	3.00	7.7	?	443	214	69.2	6.5	2660	7.7	?	244	75.4	7.7	2570	7.6	?	474	96	79.2	0.4	2700	7.5	?	91	17	94.1	0.00	2590	?	60.7	94.8	?	80.8	?	79.5	92.1	100
D-4/3/90	32229	5.00	7.6	?	528	186	69.9	3.4	1666	7.7	?	220	72.7	4.5	1594	7.7	?	272	92	78.3	0.2	1742	7.6	?	128	21	81	0.05	1888	?	58.2	95.6	?	52.9	?	75.8	88.7	98.5
D-5/3/90	35023	3.50	7.9	205	588	192	65.6	4.5	2430	7.8	236	268	73.1	8.5	2280	7.8	158	376	96	77.1	0.4	2060	7.6	20	104	20	96.7	0.00	1840	33.1	64.2	95.3	87.3	72.3	90.2	82.3	89.6	100
D-6/3/90	36924	1.50	8.0	242	496	176	64.8	4.0	2110	7.9	?	236	57.6	4.5	2020	7.8	?	372	88	68.2	0.2	2250	7.6	19	108	22	65.9	0.02	2120	?	62.7	95.6	?	71.0	92.1	78.2	87.5	99.5
D-7/3/90	38572	3.00	7.8	202	372	186	68.8	4.5	1644	7.8	?	248	66.1	8.5	1762	7.7	150	460	100	76.0	0.3	1768	7.5	20	100	28	82.1	0.00	1764	?	59.7	96.5	86.7	78.3	90.1	73.1	84.9	100
D-8/3/90	41115	6.00	7.8	?	552	262	64.1	5.0	1603	7.8	?	320	67.5	6.5	1608	7.8	192	376	122	72.1	0.4	1668	7.5	21	76	26	84.6	0.05	1703	?	61.9	93.8	89.1	79.8	?	86.2	90.1	99.0
D-9/3/90	36107	5.00	7.7	215	489	334	40.7	6.0	1613	7.6	?	304	53.9	8.0	1557	7.6	181	350	90	71.1	0.4	1596	7.5	17	162	18	66.7	0.00	1606	?	70.4	95.6	90.6	53.7	92.1	66.9	94.6	100
D-11/3/90	29156	2.50	7.7	206	451	194	69.1	4.5	1249	7.7	206	220	61.8	4.0	1219	7.7	111	282	124	77.4	0.3	1233	7.5	16	118	19	84.2	0.03	1338	46.1	43.6	92.5	85.6	58.2	92.2	73.8	90.2	99.4
D-12/3/90	39246	2.00	7.8	172	506	200	69.0	5.0	1865	7.8	208	248	66.1	6.5	1929	7.8	164	463	100	78.0	0.6	1825	7.6	19	157	27	87.0	0.02	1616	21.2	59.7	90.8	88.4	66.1	89.0	69.0	86.5	99.6
D-13/3/90	42393	0.70	7.9	189	478	230	67.0	5.5	1410	8.1	173	192	62.5	5.0	1406	7.7	172	412	104	71.2	0.4	1562	7.6	152	306	131	79.6	3.50	1575	0.6	45.8	92.0	11.6	25.7	19.6	36.0	43.0	36.4
D-14/3/90	42857	1.50	7.7	238	319	292	33.8	3.5	1261	7.6	170	268	31.3	4.2	1204	7.6	116	276	104	51.9	0.3	1261	7.4	320	350	238	73.9	2.00	1304	31.8	61.2	92.9	?	?	?	?	18.5	42.9
D-15/3/90	42911	0.70	7.6	114	252	116	58.6	1.2	1238	7.9	148	136	64.7	3.0	1208	7.7	79	216	70	82.9	0.3	1177	7.5	84	172	104	78.8	0.06	1221	46.6	48.5	91.7	?	20.4	26.3	31.7	10.3	95.4
D-16/3/90	40376	?	8.1	204	333	174	67.8	3.0	2390	7.8	231	156	74.4	2.5	2540	7.8	136	325	78	79.5	0.4	2580	7.6	32	153	98	87.8	0.00	2550	41.1	50.0	84.0	76.5	52.9	84.3	54.1	43.7	100
D-18/3/90	40923	3.50	7.6	146	329	188	57.4	2.5	1300	7.6	162	132	63.6	2.0	1324	7.6	109	243	88	81.8	0.2	1467	7.5	19	94	41	82.9	0.02	1545	32.7	33.3	90.0	82.6	61.3	87.0	71.4	78.2	99.2
D-19/3/90	43830	1.5	7.8	177	512	214	58.9	5.5	1605	7.7	164	256	71.9	5.5	1599	7.7	118	320	70	88.6	0.4	1401	7.6	25	203	20	85.0	0.00	1110	28.0	72.7	92.7	78.8	36.6	85.9	60.4	90.7	100
D-20/3/90	39165	1.20	7.4	250	447	252	61.1	7.0	1533	7.4	275	216	57.4	6.5	1501	7.4	138	269	90	73.3	0.5	1458	7.3	14	9	20	82.5	0.00	1402	49.8	58.3	92.3	89.9	96.8	94.4	98.1	92.1	100
D-21/3/90	35791	1.20	7.8	277	466	246	63.4	4.0	1556	7.7	?	288	65.3	6.0	1846	7.7	166	419	174	80.5	1.3	1664	7.5	24	124	26	82.7	0.03	1606	?	39.6	78.3	85.5	70.4	91.3	73.4	89.4	99.4
D-22/3/90	37419	1.20	7.6	219	446	222	61.3	5.5	1600	7.7	266	240	70.0	5.0	1645	7.6	172	345	102	84.3	0.4	1670	7.5	42	175	53	84.2	0.02	1780	35.3	57.5	92.0	75.6	49.3	80.8	60.8	76.1	99.6
D-23/3/90	40983	3.00	7.6	182	431	214	57.0	7.0	1591	7.5	219	248	58.1	5.5	1473	7.5	175	376	88	65.9	0.4	1537	7.5	23	120	25	68.0	0.00	1597	20.1	64.5	93.6	86.9	68.1	87.4	72.2	88.3	100
D-25/3/90	42217	8.50	7.5	138	333	240	55.0	3.8	1087	7.5	153	184	67.4	4.0	1109	7.5	108	194	82	85.4	0.4	1136	7.1	16	62	17	94.1	0.00	1223	29.4	55.4	91.3	85.2	68.0	88.4	81.4	92.9	100
D-26/3/90	47665	1.20	7.7	156	405	200	74.0	4.0	1856	7.6	178	184	71.7	3.5	1976	7.5	128	302	92	78.3	0.3	1920	7.6	19	71	23	78.3	0.01	1706	28.1	50.0	91.4	85.2	76.5	87.8	82.5	88.5	99.8
D-27/3/90	44314	3.00	7.8	155	389	308	49.4	6.0	1927	7.7	252	308	49.4	6.5	2150	7.7	121	302	108	72.2	0.6	1950	7.6	15	87	23	69.7	0.00	1869	52.0	64.9	90.8	87.6	71.2	90.3	77.6	92.5	100
D-28/3/90	40841	1.00	7.6	179	389	168	69.0	3.5	1240	7.8	202	272	72.1	6.0	1381	7.8	148	302	92	78.3	0.3	1425	7.9	16	83	20	85.0	0.00	1416	26.7	66.2	95.0	89.2	72.5	91.1	78.7	88.1	100
D-29/3/90	41157	3.00	8.0	145	398	192	66.7	4.5	2240	8.0	213	240	61.7	6.0	2010	8.0	140	287	84	78.6	0.4	2270	7.8	15	87	21	81.0	0.00	2290	34.3	65.0	94.2	89.3	69.7	89.7	78.1	89.1	100
D-30/3/90	40078	1.40	7.9	198	464	228	64.9	4.6	1431	7.6	243	272	64.7	7.5	1606	7.8	177	319	88	81.8	0.2	1556	7.8	17	102	22	81.8	0.00	1475	27.2	67.6	97.3	90.4	68.0	91.4	78.0	90.4	100
D-1/2/90	44365	7.50	7.9	?	365	212	62.3	3.5	1339	7.9	?	184	65.2	4.7	1380	7.8	?	321	92	73.9	0.5	1386	7.5	?	75	20	75.0	0.05	1377	?	50.0	89.4	?	76.6	?	79.5	90.6	98.6
D-2/2/90	43080	4.25	7.8	95	349	136	76.5	2.5	1063	7.8	132	188	74.5	2.0	1139	7.8	123	317	98	69.4	0.4	1218	7.5	19	67	24	83.3	0.00	1220	6.8	47.9	80.0	84.6	78.9	80.0	80.8	82.4	100
D-4/2/90	29414	3.00	7.6	160	374	168	69.0	3.1	1042	7.6	220	246	69.9	4.6	1057	7.6	126	299	112	75.0	0.2	1085	7.4	19	79	28	82	0.00	1087	42.7	54.5	95.7	84.9	73.6	88.1	78.9	83.3	100
D-5/2/90	37312	1.00	8.1	205	492	192	70.8	4.0	1454	8.1	?	200	72.0	5.5	1489	7.9	217	433	134	79.1	0.3	1423	7.7	32	114	37	83.8	0.00	1275	?	33.0	94.5	85.3	73.7	84.4	76.8	80.7	100
D-6/2/90	38568	0.70	8.2	233	506	204	66.7	6.7	1692	8.3	218	212	66.0	10.5	1614	7.9	188	355	88	81.8	0.2	1516	7.5	47	116	59	81.4	0.05	1483	13.8	58.5	98.6	75.0	67.3	79.8	77.1	71.1	99.3
D-7/2/90	38655	1.50	7.9	179	344	172	65.1	3.8	1379	8.0	148	156	74.4	4.0	1412	7.8	155	301	86	81.4	0.2	1426	7.5	26	97	35	82.9	0.00	1470	?	44.9	95.0	83.2	67.8	85.5	71.8	79.7	100
D-8/2/90	34193	2.00	8.0	166	396	176	70.5	4.0	1265	8.0	178	188	70.2	5.5	1380	7.8	165	368	90	77.8	0.2	1434	7.5	26	106	31	83.9	0.00	1442	7.3	52.1	96.4	84.2	71.2	84.3	73.2	82.4	100
D-9/2/90	36332	3.50	7.9	120	455	184	67.4	4.0	1224	8.1	205	188	68.1	5.5	1217	7.7	168	333	90	77.8	0.2	1353	7.6	24	98	32	81.3	0.00	1420	18.0	52.1	96.4	85.7	70.6	80.0	78.5	82.6	100
D-11/2/90	32484	0.90	7.5	?	388	170	76.5	3.5	1130	7.6	?	178	75.3	4.0	1149	7.7	164	310	102	82.4	0.2	1212	7.5	22	89	33	90.9	0.05	1274	?	42.7	96.3	86.6	71.3	?	77.1	80.6	98.6
D-12/2/90	37724	1.00	7.9	?	526	206	70.9	5.5	1422	7.9	?	218	71.6	6.0	1461	7.8	175	382	108	81.5	0.2	1595	7.5	34	128	40	84.2	0.02	1342	?	50.5	96.7	80.6	66.5	?	75.7	80.6	99.6
D-13/2/90	36446	1.00	7.7	?	710	366	55.7	6.5	2400	7.8	?	256	62.5	6.0	2450	7.8	192	450	120	66.7	0.5	2330	7.6	?	295	88	76.1	0.25	2390	?	53.1	92.5	?	34.4	?	58.5	76.0	96.2
D-14/2/90	35636	1.20	8.0	203	469	264	65.2	5.2	1489	8.1	?	304	65.8	8.5	1690	7.9	155	361	100	80.0	0.4	1718	7.5	23	97	38	88.4	0.05	1716	?	67.1	95.3	85.2	73.1	88.7	79.3	85.6	99.0
D-15/2/90	34746	1.00	7.7	208	427	192	75.0	4.5	1426	7.7	195	236	74.6	7.0	1375	7.7	186	334	104	80.8	0.4	1518	7.4	27	78	33	84.8	0.00	1636	4.6	55.9	94.3	85.5	76.6	87.0	81.7	82.8	100
D-16/2/90	34893	1.20	8.0	235	?	228	75.4	7.0	1532	8.0	232	252	77.8	8.0	1532	7.8	165	345	92	80.4	0.3	1478	7.6	25	125	25	90.6	0.00	1445	28.9	63.5	96.9	84.8	63.8	89.4	?	89.0	100
D-18/2/90	37102	2.00	7.8	196	353	174	67.8	4.0	1315	7.8	152	162	76.5	3.0	1322	7.7	127	270	100	74.0	0.8	1337	7.6	24	71	24	91.7	0.02	1509	16.4	38.3	73.3	81.1	73.7	87.8	79.9	86.2	99.5
D-19/2/90	41598	1.2	8.2	194	419	186	72.0	0.4	1310	8.0	210	208	71.2	4.5	1333	7.9	157	341	118	72.9	1.0	1474	7.6	23	71	33	78.7	0.02	1340	25.2	43.3	77.8	85.4	79.2	88.1	83.1	82.3	94.3
D-21/2/90	38058	1.00	7.8	193	424	170	74.1	4.0	1406	7.7	226	356	71.9	4.5	1324	7.7	187	352	118	78.0	0.5	1360	7.5	24	88	29	87.4	0.02	1445	17.3	66.9	90.0	87.2	75.0	87.6	79.2	82.9	99.5
D-22/2/90	40716	3.50	8.1	?	524	222	67.6	5.8	1597	8.1	230	248	66.1	7.5	1512	7.9	154	300	96	77.1	0.5	1521	7.4	29	76	25	84.0	0.00	1422	33.0	61.3	93.3	81.2	74.7	?	85.5	88.7	100
D-23/2/90	40868	1.50	8.1	206	490	190	68.4	5.2	1392	8.0	220	224	69.6	6.0	1505	8.1	178	363	92	80.4	0.4	1532	7.7	16	86	26	82.1	0.00	1574	19.1	58.9	93.3	91.0	76.3	92.2	82.4	86.3	100
D-25/2/90	36358	2.00	7.7	192	298	162	67.9	4.0	1241	7.7	160	188	68.1	4.5	1243	7.7	118	278	110	74.5	0.7	1285	7.5	30	98	45	74.1	0.05	1399	26.3	41.5	84.4	74.6	64.7	84.4	67.1	72.2	98.8
D-26/2/90	40879	1.20	7.6	?	435	196	68.4	4.5	1421	7.7	?	264	69.7	7.0	1469	7.7	?	408	120	73.3	0.6	1532	7.6	?	102	23	84.1	0.02	1354	?	54.5	91.4	?	75.0	?	76.6	88.3	99.6
D-27/2/90	44150	1.00	8.1	?	516	164	75.6	3.5	1548	8.1	?	232	74.1	5.5	1545	7.9	?	326	94	93.6	0.6	1415	7.6	?	113	37	95.5	0.02	1409	?	59.5	90.0	?	65.3	?	78.1	77.4	99.4
D-28/2/90	45779	3.00	7.8	?	376	194	68.5	5.0	2020	7.8	?	276	62.3	7.5	2390	7.7	?	326	82	68.3	0.4	2260	7.6	?	66	15	93.3	0.00	2400	?	70.3	94.7	?	79.8	?	82.4	92.3	100
D-1/1/90	41230	0.35	7.6	120	344	136	54.4	4.5	993	7.5	?	188	55.3	3.0	972	7.6	?	259	70	48.6	0.2	921	7.5	16	97	17	51.8	0.03	903	?	62.8	93.3	?	62.5	86.7	71.8	87.5	99.4
D-2/1/90	37386	1.40	7.9	165	470	170	76.5	4.0	1365	7.9	?	192	70.8	4.5	1399	7.9	156	368	96	72.9	0.3	1338	7.6	22	97	18	80.6	0.00	1481	?	50.0	94.4	85.9	73.6	86.7	79.4	89.4	100
D-3/1/90	34535	1.00	7.8	232	518	220	65.5	5.5	1617	7.9	230	202	71.3	4.0	1593	7.8	155	364	76	81.6	0.2	1594	7.5	29	146	31	77.4	0.01	1492	32.6	62.4	95.0	81.3	59.9	87.5	71.8	85.9	99.8
D-4/1/90	32527	3.00	7.8	187	460	180	67.8	5.2	1832	7.9	219	236	66.1	5.5	1920	7.8	190	355	100	80.0	0.3	1646	7.5	28	105	30	82	0.00	1590	13.2	57.6	95.5	85.3	70.4	85.0	77.2	83.3	100
D-7/1/90	27760	1.20	7.6	199	466	186	74.2	4.5	1220	7.5	225	176	81.8	4.0	1208	7.5	139	314	94	87.2	0.2	1315	7.4	21	122	25	84.0	0.02	1411	38.2	46.6	95.0	84.9	61.1	89.4	73.8	86.6	99.6
D-8/1/90	36281	2.00	7.8	?	612	226	70.8	8.0	1544	7.9	?	268	65.7	8.0	1503	7.8	158	259	100	80.0	0.4	1443	7.5	38	106	34	86.7	0.02	1239	?	62.7	95.6	75.9	59.1	?	82.7	85.0	99.8
D-9/1/90	38055	3.50	7.8	221	524	188	72.3	5.0	1540	7.9	?	252	77.8	4.5	1477	7.8	128	299	82	90.2	0.2	1506	7.5	29	136	39	83.7	0.02	1503	?	67.5	95.6	77.3	54.5	86.9	74.0	79.3	99.6
D-10/1/90	34064	1.00	8.1	230	535	242	66.9	6.5	1652	7.9	?	264	69.7	5.4	1700	7.9	174	322	100	72.0	0.3	1577	7.5	28	101	36	83.3	0.05	1552	?	62.1	94.4	83.9	68.6	87.8	81.1	85.1	99.2
D-11/1/90	31447	3.50	7.9	190	374	192	70.8	6.5	1494	7.8	204	184	71.1	4.5	1462	7.7	121	259	100	82.0	0.5	1562	7.5	21	108	22	84.1	0.05	1596	40.7	45.7	88.9	82.6	58.3	88.9	71.1	88.5	99.2
D-12/1/90	32127	17	7.7	?	526	292	63.7	7.5	2240	7.6	244	344	62.8	9.0	2220	7.7	193	450	134	70.1	1.3	2450	7.5	28	92	36	80.6	0.01	2580	20.9	61.0	85.6	85.5	79.6	?	82.5	87.7	99.9
D-14/1/90	31059	3.50	7.8	202	431	200	74.0	5.0	1302	7.7	199	184	78.3	4.7	1307	7.6	124	269	96	75.0	0.4	1334	7.4	17	63	20	85.0	0.05	1473	37.7	47.8	91.5	86.3	76.6	91.6	85.4	90.0	99.0
D-15/1/90	36470	4.50	7.8	227	526	212	68.9	4.5	1542	7.8	232	240	75.0	5.5	1583	7.8	172	411	106	83.0	0.2	1607	7.4	30	99	41	85.4	0.05	1395	25.9	55.8	96.4	82.6	75.9	86.8	81.2	80.7	98.9
D-16/1/90	47449	1.70	7.8	170	401	158	67.1	4.0	1292	7.8	184	172	69.8	3.5	1413	7.8	167	345	102	74.5	0.7	1568	7.5	26	87	27	77.8	0.05	1635	9.2	40.7	80.0	84.4	74.8	84.7	78.3	82.9	98.8
D-17/1/90	43940	3.50	7.8	149	361	186	62.4	3.2	1651	7.8	204	204	66.7	5.0	1751	7.9	155	345	106	69.8	0.5	1623	7.5	27	103	38	81.6	0.05	1597	24.0	48.0	90.0	82.6	70.1	81.9	71.5	79.6	98.4
D-18/1/90	40347	1.75	7.7	155	338	132	69.7	2.7	1332	7.7	180	160	68.8	2.5	1366	7.7	152	319	94	72.3	0.6	1442	7.4	22	87	27	77.8	0.05	1482	15.6	41.3	76.0	85.5	72.7	85.8	74	79.5	98.1
D-19/1/90	40267	1.8	7.9	180	433	186	72.0	4.0	1729	7.9	200	174	75.9	3.7	1820	7.8	127	354	86	79.1	0.4	1856	7.5	19	110	26	82.5	0.01	1861	36.5	50.6	89.2	85.0	68.9	89.4	74.6	86.0	99.8
D-21/1/90	37976	1.00	7.7	148	345	162	77.8	3.2	1432	7.6	145	166	73.5	3.8	1415	7.6	137	302	94	85.1	0.5	1461	7.4	17	60	21	90.5	0.05	1572	5.5	43.4	86.8	87.6	80.1	88.5	82.6	87.0	98.4
D-22/1/90	47368	2.00	7.9	156	417	152	73.7	4.5	1608	7.9	207	164	67.1	4.5	1798	7.8	147	321	76	76.3	0.4	1627	7.4	29	99	26	84.6	0.02	1490	29.0	53.7	91.1	80.3	69.2	81.4	76.3	82.9	99.6
D-23/1/90	48086	5.00	8.0	247	444	166	73.5	3.5	1700	8.1	207	182	65.9	3.5	1724	7.9	176	360	112	76.8	0.4	1768	7.6	27	52	29	86.2	0.00	1764	15.0	38.5	88.6	84.7	85.6	89.1	88.3	82.5	100
D-24/1/90	47642	5.00	7.9	157	428	204	53.9	4.0	1989	7.7	187	250	52.8	4.5	1869	7.8	219	303	90	68.9	0.4	1735	7.5	19	73	18	75.0	0.00	1800	?	64.0	92.2	91.3	75.9	87.9	82.9	91.2	100
D-25/1/90	43174	4.50	7.7	179	420	158	68.4	2.5	1260	7.7	200	160	68.8	3.5	1256	7.8	183	376	110	70.9	1.0	1369	7.4	23	136	17	88.2	0.00	1365	8.5	31.3	71.4	87.4	63.8	87.2	67.6	89.2	100
D-26/1/90	39891	2.00	7.6	178	416	188	60.6	4.5	1301	7.6	174	166	69.9	3.5	1267	7.6	164	368	106	69.8	0.4	1280	7.3	22	140	20	70.0	0.00	1262	5.7	36.1	88.6	86.6	62.0	87.6	66.3	89.4	100
D-28/1/90	32257	3.50	7.5	246	583	504	45.2	7.3	1016	7.5	228	436	42.2	7.5	1079	7.5	85	236	76	68.4	0.5	1088	7.3	21	75	25	72.0	0.05	1164	62.7	82.6	94.0	75.3	68.2	91.5	87.1	95.0	99.3
D-29/1/90	40498	10	8.1	202	476	300	49.3	3.7	1636	8.0	206	252	50.8	3.5	1579	7.9	186	394	108	72.2	1.3	1413	7.5	27	75	22	90.9	0.05	1291	9.7	57.1	62.9	85.5	81.0	86.6	84.2	92.7	98.6
D-30/1/90	40221	2.00	8.1	177	407	172	58.1	2.5	1379	8.0	231	248	54.8	4.6	1454	8.0	188	379	108	72.2	0.7	1529	7.5	27	95	26	76.9	0.00	1542	18.6	56.5	84.8	85.6	74.9	84.7	76.7	84.9	100
D-31/1/90	46669	1.75	7.8	?	340	168	71.4	2.3	1477	7.8	?	228	64.9	4.5	1379	7.8	?	368	110	72.7	0.6	1550	7.6	?	?	?	?	?	1445	?	51.8	86.7	?	?	?	?	?	?
D-1/6/90	34669	1.20	7.8	198	381	216	51.9	3.5	1415	7.8	183	220	56.4	3.5	1453	7.7	123	246	76	78.9	0.2	1432	7.7	29	91	26	80.8	0.05	1390	32.8	65.5	94.3	76.4	63.0	85.4	76.1	88.0	98.6
D-3/6/90	41824	1.20	7.8	161	281	164	58.5	2.3	1075	7.8	144	192	53.1	2.5	1068	7.8	118	233	88	70.5	0.4	1121	7.8	14	63	19	73.7	0.01	1246	18.1	54.2	84.0	88.1	73.0	91.3	77.6	88.4	99.6
D-4/6/90	51520	2.00	7.3	156	336	192	62.5	5.5	1320	7.8	158	184	56.5	4.0	1327	7.6	79	198	92	63.0	0.3	1175	7.9	15	59	19	78.9	0.01	1054	50.0	50.0	92.5	81.0	70.2	90.4	82.4	90.1	99.8
D-5/6/90	39421	1.00	7.9	189	457	1004	25.5	24	1218	7.8	234	1384	25.4	35.0	1257	7.7	156	323	140	65.7	0.3	1308	7.8	19	79	21	81.0	0.05	1172	33.3	89.9	99.1	87.8	75.5	89.9	82.7	97.9	100
D-6/6/90	36131	1.00	7.9	215	500	252	61.9	4.7	1512	7.8	233	348	49.4	7.5	1427	7.8	147	327	102	68.6	0.3	1436	7.9	25	75	23	78.3	0.01	1409	36.9	70.7	96.0	83.0	77.1	88.4	85.0	90.9	99.8
D-7/6/90	33251	1.00	7.6	225	578	256	65.6	5.5	1510	7.6	224	276	53.6	6.5	1486	7.7	119	319	102	64.7	0.3	1492	7.6	15	151	25	76.8	0.05	1461	46.9	63.0	95.4	87.4	52.7	93.3	73.9	90.2	99.1
D-8/6/90	35789	1.50	7.4	316	533	264	54.5	5.5	1361	7.4	352	344	46.5	6.5	1453	7.5	190	361	160	51.3	1.5	1518	7.5	39	150	54	74.1	0.10	1506	46.0	53.5	76.9	79.5	58.4	87.7	71.9	79.5	98.2
D-10/6/90	40106	0.60	7.8	238	504	292	58.9	6.5	1109	7.8	361	352	51.1	7.0	1113	7.8	147	256	128	65.6	0.8	1113	8.0	19	80	20	70.0	0.05	1238	59.3	63.6	88.6	87.1	68.8	92.0	84.1	93.2	99.2
D-11/6/90	45191	2.00	8.0	125	324	362	35.9	5.0	1093	7.7	297	804	32.8	13.0	1086	7.9	84	204	124	53.2	0.6	1105	7.9	28	128	14	74.3	0.02	1008	71.7	84.6	95.4	66.7	37.3	77.6	60.5	96.1	99.6
D-12/6/90	43308	1.40	7.9	265	330	562	27.4	7.5	1866	7.9	242	680	30.0	12.5	1858	7.9	133	206	120	48.3	0.6	1850	7.8	24	70	11	61.8	0.02	1800	45.0	82.4	95.2	82.0	66.0	90.9	78.8	98.0	99.7
D-13/6/90	37615	1.20	7.8	199	404	232	53.4	5.0	1310	7.8	416	544	43.4	11.0	1366	7.7	143	299	114	61.4	0.4	1466	7.6	25	85	19	65.3	0.00	1404	65.6	79.0	96.4	82.5	71.6	87.4	79.0	91.8	100
D-14/6/90	42596	3.00	7.7	138	259	456	22.8	4.0	1007	7.6	160	584	26.7	7.5	1039	7.6	101	176	126	47.6	0.5	1113	7.6	22	59	16	68.8	0.00	1194	36.9	78.4	93.3	78.2	66.5	84.1	77.2	96.5	100
D-15/6/90	41948	1.50	7.7	198	396	216	52.8	3.0	1282	7.8	245	328	47.6	5.0	1321	7.7	109	244	120	56.7	0.3	1304	7.8	23	105	32	71.3	0.02	1295	55.5	63.4	94.0	78.9	57.0	88.4	73.5	85.2	99.3
D-17/6/90	34647	1.00	7.5	193	342	260	50.8	3.0	985	7.6	230	424	44.3	6.0	1008	7.6	132	223	174	50.6	0.4	992	7.3	?	?	22	69.1	0.00	1218	42.6	59.0	93.3	?	?	?	?	91.5	100
D-18/6/90	36967	1.00	7.6	202	426	248	80.6	5.5	2310	7.7	326	404	56.4	7.0	2180	7.7	142	280	146	65.8	0.6	1909	7.7	33	92	23	73.0	0.02	1813	56.4	63.9	92.1	76.8	67.1	83.7	78.4	90.7	99.6
D-19/6/90	34879	1.0	7.5	319	465	214	63.6	5.5	1308	7.6	364	388	50.5	7.5	1344	7.7	143	261	100	70.0	0.4	1378	7.7	18	104	11	87.3	0.02	1345	60.7	74.2	94.7	87.4	60.2	94.4	77.6	94.9	99.6
D-20/6/90	34365	6.00	7.6	236	444	236	62.7	4.9	1400	7.7	259	440	50.0	10.0	1439	7.6	140	246	122	59.0	0.3	1458	7.7	24	115	17	70.6	0.05	1480	45.9	72.3	97.0	82.9	53.3	89.8	74.1	92.8	99.0
D-21/6/90	34291	8.00	7.9	192	433	300	57.3	7.0	1395	7.9	269	436	50.5	11.5	1335	7.9	138	294	108	68.5	0.3	1378	7.8	15	60	12	91.7	0.02	1423	48.7	75.2	97.8	89.1	79.6	92.2	86.1	96.0	99.7
D-22/6/90	34886	8.00	7.7	211	488	268	53.7	5.8	1212	7.9	265	348	57.5	8.5	1274	7.7	151	306	88	79.5	0.2	1309	7.7	15	63	12	83.3	0.00	1320	43.0	74.7	97.6	90.1	79.4	92.9	87.1	95.5	100
D-24/6/90	38731	1.20	7.5	200	402	184	64.1	2.8	1127	7.5	188	218	63.3	3.0	1140	7.5	122	233	90	77.8	0.2	1200	7.7	17	64	17	76.5	0.00	1317	35.1	58.7	95.0	86.1	72.5	91.5	84.1	90.8	100
D-25/6/90	39308	3.00	7.8	217	349	172	69.8	3.5	1454	7.8	174	208	65.4	4.0	1487	7.8	98	261	78	76.9	0.2	1360	7.9	?	92	20	80.0	0.00	1230	43.7	62.5	95.0	?	64.8	?	73.6	88.4	100
D-26/6/90	44198	7.00	7.7	257	667	1016	31.5	22	1478	7.8	212	572	36.4	12.5	1422	7.9	135	210	108	57.4	0.2	1358	8.0	16	56	15	73.3	0.00	1378	36.3	81.1	98.4	88.1	73.3	93.8	91.6	98.5	100
D-27/6/90	39003	1.20	7.8	183	456	232	65.5	5.0	1262	7.8	198	216	55.6	4.5	1247	7.9	107	266	84	57.1	0.2	1305	7.8	19	60	12	75.0	0.00	1234	46.0	61.1	96.7	82.2	77.4	89.6	86.8	94.8	100
D-28/6/90	34487	0.70	7.9	183	380	192	62.5	4.5	1339	7.8	196	216	55.6	6.0	1403	7.8	128	270	68	70.6	0.1	1409	8.0	13	63	15	66.7	0.00	1344	34.7	68.5	98.3	89.8	76.7	92.9	83.4	92.2	100
D-29/6/90	35198	0.80	7.7	185	372	164	61.0	3.0	1623	7.8	210	192	64.6	3.0	1508	7.8	124	278	74	72.9	0.1	1482	7.9	18	78	15	66.7	0.00	1491	41.0	61.5	96.7	85.5	71.9	90.3	79.0	90.9	100
D-1/5/90	27617	1.00	7.6	285	436	218	67.9	6.0	1095	7.6	292	238	67.2	5.5	1149	7.5	160	284	80	80.0	0.2	1139	7.5	26	104	41	73.2	0.50	1146	45.2	66.4	96.4	83.8	63.4	90.9	76.1	81.2	91.7
D-2/5/90	37881	3.00	7.7	257	588	328	60.4	7.0	1392	7.7	213	272	60.3	6.5	1432	7.8	174	344	116	70.7	0.8	1356	7.6	26	92	44	74.2	0.30	1213	18.3	57.4	87.7	85.1	73.3	89.9	84.4	86.6	95.7
D-3/5/90	39024	1.20	7.9	268	467	224	66.1	6.5	1409	7.9	328	312	62.8	9.5	1376	7.9	152	338	88	77.3	0.2	1336	7.7	29	148	49	80.3	0.10	1334	53.7	71.8	98.4	80.9	56.2	89.2	68.3	78.1	98.5
D-4/5/90	38990	1.40	7.8	189	357	172	67.4	4.0	1160	7.7	213	212	62.3	5.5	1232	7.7	123	255	80	80.0	0.3	1237	7.6	30	122	42	81.0	0.05	1304	42.3	62.3	94.5	75.6	52.2	84.1	65.8	75.6	98.8
D-6/5/90	37710	3.00	7.5	312	388	204	61.8	4.0	1026	7.5	211	214	64.5	5.0	1020	7.5	111	222	86	76.7	0.2	1016	7.4	42	154	69	83.1	0.10	1092	47.4	59.8	96.0	62.2	30.6	86.5	60.3	66.2	97.5
D-7/5/90	25957	0.60	8.1	404	455	448	38.4	5.0	1229	7.8	491	692	38.7	11.5	1279	7.8	285	?	110	70.9	0.4	1156	7.8	20	83	25	90.7	0.05	1021	42.0	84.1	97.0	93.0	?	95.0	81.8	94.4	99.0
D-8/5/90	38623	1.50	8.1	243	299	180	54.4	2.5	1615	8.0	291	324	65.4	3.5	1630	7.9	166	265	96	60.4	0.2	1485	7.8	26	82	36	74.1	0.02	1345	43.0	70.4	94.3	84.3	69.1	89.3	72.6	80.0	99.2
D-9/5/90	41746	1.00	8.0	352	471	208	65.4	5.5	2150	7.9	386	216	64.8	5.5	2320	7.6	198	348	118	74.6	0.5	2290	7.5	24	91	32	84.4	0.00	2290	48.7	45.4	91.8	87.9	73.9	93.2	80.7	84.6	100
D-10/5/90	43291	0.80	7.7	215	447	164	61.0	5.5	1177	7.7	258	256	53.1	5.0	1207	7.9	141	285	86	69.8	0.2	1324	7.7	19	75	32	77.1	0.02	1390	45.3	66.4	96.0	86.5	73.7	91.2	83.2	80.5	99.6
D-11/5/90	41436	1.20	7.9	191	356	192	62.5	7.0	1434	7.9	226	288	55.6	10	1427	7.7	130	257	84	71.4	0.1	1467	7.6	28	103	34	76.5	0.00	1469	42.5	70.8	99.0	78.5	59.9	85.3	71.1	82.3	100
D-13/5/90	39402	1.20	7.9	283	274	162	59.3	3.0	937	7.9	190	178	58.4	2.8	944	7.8	117	212	78	76.9	0.1	970	7.7	28	74	25	88.0	0.00	1060	38.4	56.2	98.2	76.1	65.1	90.1	73.0	84.6	100
D-14/5/90	39383	0.60	8.0	216	529	248	61.3	6.3	1179	8.0	429	220	65.5	5.0	1294	7.8	140	337	138	63.8	1.5	1155	7.7	23	94	22	84.1	0.00	1107	67.4	37.3	70.0	83.6	72.1	89.4	82.2	91.1	100
D-15/5/90	37106	0.70	7.8	163	468	202	57.4	4.5	1525	8.0	319	292	58.9	7.0	1587	7.8	146	353	230	55.7	0.2	1328	7.7	14	100	19	86.8	0.00	1309	54.2	21.2	97.1	90.4	71.7	91.4	78.6	90.6	100
D-16/5/90	36591	1.20	7.8	?	499	248	56.5	6.5	1213	7.8	?	304	57.9	7.2	1264	7.8	?	334	98	77.6	0.2	1420	7.6	?	77	20	75.0	0.00	1395	?	67.8	97.2	?	76.9	?	84.6	91.9	100
D-17/5/90	33711	2.50	8.0	345	457	288	59.7	7.5	1272	7.9	?	348	63.2	9.0	1336	7.9	?	372	146	72.6	2.0	1369	7.8	19	88	19	78.9	0.00	1437	?	58.0	77.8	?	76.3	94.5	80.7	93.4	100
D-18/5/90	35081	0.80	7.7	431	532	210	65.7	5.0	1535	7.6	409	224	58.9	6.0	1561	7.8	210	360	98	65.3	0.2	1472	7.7	13	132	13	50.0	0.00	1516	48.7	56.3	96.7	93.8	63.3	97.0	75.2	93.8	100
D-20/5/90	32372	1.50	7.8	174	404	192	63.5	3.5	1056	7.7	182	210	61.0	4.5	1064	7.7	140	243	104	76.9	0.4	1078	7.7	13	55	18	83.3	0.00	1165	23.1	50.5	91.1	90.7	77.4	92.5	86.4	90.6	100
D-21/5/90	37283	2.00	7.7	327	376	184	57.6	4.0	1226	7.7	287	236	45.8	3.5	1223	7.8	102	255	84	73.8	0.2	1199	7.8	15	47	13	69.2	0.00	1136	64.5	64.4	94.3	85.3	81.6	95.4	87.5	92.9	100
D-22/5/90	42202	1.00	7.6	184	238	316	30.4	3.0	1079	7.7	163	344	29.1	4.0	1113	7.6	122	214	92	63.0	0.2	1139	7.6	27	95	39	59.0	0.00	1176	25.2	73.3	95.0	77.9	55.6	85.3	60.1	87.7	100
D-23/5/90	50942	3.00	7.8	159	234	292	32.9	3.0	1140	7.8	182	344	32.6	4.0	1125	7.9	111	218	100	52.0	0.3	1231	7.8	12	36	14	77.1	0.00	1276	39.0	70.9	93.8	89.2	83.5	92.5	84.6	95.2	100
D-24/5/90	44040	1.00	7.9	275	330	180	55.6	3.0	1376	7.9	190	200	60.0	2.5	1392	7.9	118	260	76	76.3	0.3	1435	7.7	25	109	24	75.0	0.00	1399	37.9	62.0	90.0	78.8	58.1	90.9	67.0	86.7	100
D-25/5/90	43117	1.20	8.4	134	302	208	57.7	3.3	1160	8.0	159	276	60.9	3.5	1201	8.0	116	233	80	77.5	0.2	1264	7.9	16	66	20	80.0	0.00	1333	27.0	71.0	94.3	86.2	71.7	88.1	78.1	90.4	100
D-27/5/90	48333	0.70	7.6	132	188	172	46.5	2.5	940	7.7	210	192	46.9	2.0	924	7.7	102	176	76	78.9	0.1	1001	7.7	17	78	21	87.6	0.00	1107	51.4	60.4	95.0	83.3	55.7	87.1	58.5	87.8	100
D-28/5/90	46540	1.20	7.8	132	297	176	45.5	1.5	1140	8.0	133	172	44.2	1.3	1072	7.9	98	246	84	61.9	0.3	1111	7.6	24	63	16	68.8	0.00	1014	26.3	51.2	80.8	75.5	74.4	81.8	78.8	90.9	100
D-29/5/90	46057	1.00	8.1	133	288	162	56.8	2.3	1050	8.1	133	152	63.2	2.5	1116	8.0	97	220	70	77.1	0.2	1142	7.9	32	128	40	82.5	0.05	1187	27.1	53.9	94.0	67.0	41.8	75.9	55.6	75.3	97.8
D-30/5/90	45018	2.00	7.9	224	488	456	48.2	11	1147	7.9	153	252	49.2	4.0	1224	8.0	110	248	92	67.4	0.4	1238	8.0	15	36	17	82.4	0.00	1217	28.1	63.5	91.3	86.4	85.5	93.3	92.6	96.3	100
D-1/4/90	40552	2.00	7.9	200	395	178	71.9	3.5	1038	7.8	190	156	71.8	3.5	1063	7.7	127	281	102	72.5	0.7	1023	7.6	17	75	19	89.5	0.02	1148	33.2	34.6	80.0	86.6	73.3	91.5	81.0	89.3	99.4
D-2/4/90	53210	5.00	7.8	87	241	236	38.1	4.0	1179	8.0	97	248	33.9	3.5	1231	8.0	78	190	70	57.1	0.0	902	7.7	10	79	16	78.1	0.02	899	19.6	71.8	100	87.2	58.4	88.5	67.2	93.2	99.5
D-3/4/90	53530	1.50	8.1	132	336	330	37.0	6.0	1234	8.0	161	264	37.9	5.5	1327	7.9	126	316	80	75.0	0.7	1257	7.7	13	68	13	69.2	0.02	1229	21.7	69.7	88.2	89.7	78.5	90.2	79.8	96.1	99.7
D-4/4/90	46659	2.00	7.7	175	321	176	58.0	3.5	1335	7.8	198	192	58.3	4.0	1418	7.7	141	281	76	78.9	0.3	1316	7.5	12	67	11	100	0.00	1308	28.8	60.4	92.5	91.5	76.2	93.1	79.1	93.8	100
D-5/4/90	45772	2.00	7.9	162	348	156	64.1	3.1	1340	7.9	228	252	65.1	5.9	1398	7.9	135	329	110	78.2	0.7	1377	7.7	17	127	14	92.9	0.00	1423	40.8	56.3	88.1	87.4	61.4	89.5	63.5	91.0	100
D-6/4/90	52933	1.75	7.9	135	317	180	53.5	3.5	1362	7.9	181	268	59.7	4.6	1417	7.6	114	285	104	71.2	0.5	1459	7.8	14	91	22	86.4	0.00	1555	37.0	61.2	89.1	87.7	68.1	89.6	71.3	87.8	100
D-8/4/90	36510	1.50	7.9	91	325	122	77.0	3.5	1026	7.9	109	124	93.5	3.7	1063	7.8	81	227	64	96.9	0.4	983	7.7	15	74	11	100	0.00	1039	25.7	48.4	89.2	81.5	67.4	83.5	77.2	91.0	100
D-9/4/90	34299	3.00	7.8	210	725	350	41.7	5.0	1265	7.8	238	428	42.1	7.5	1262	7.8	136	306	106	47.2	0.4	1287	7.6	21	94	18	66.7	0.02	1309	42.9	75.2	94.7	84.6	69.3	90.0	87.0	94.9	99.6
D-10/4/90	41073	0.80	8.1	166	422	184	63.0	3.0	1450	8.0	118	280	65.7	3.5	1429	8.1	119	323	114	70.2	0.4	1419	7.8	26	81	22	76.4	0.02	1357	?	59.3	88.6	78.2	74.9	84.3	80.8	88.0	99.3
D-11/4/90	43536	2.50	7.8	267	342	202	58.4	2.0	1327	7.7	254	172	69.8	2.0	1306	7.8	130	349	120	66.7	0.4	1450	7.7	12	77	16	87.5	0.00	1454	48.8	30.2	80.0	90.8	77.9	95.5	77.5	92.1	?
D-13/4/90	34667	6.00	7.2	165	315	170	64.7	?	1125	7.3	219	180	67.8	?	1151	7.3	121	235	86	81.4	?	1204	7.4	11	53	19	73.7	?	1306	44.7	52.2	?	90.9	77.4	93.3	83.2	88.8	?
D-16/4/90	29624	1.40	7.5	184	219	148	62.2	3.0	1530	7.5	189	146	60.3	2.0	1553	7.5	92	192	78	76.9	0.3	1560	7.5	18	37	22	72.7	0.02	1100	51.3	46.6	85.0	80.4	80.7	90.2	83.1	85.1	99.3
D-17/4/90	34069	1.20	7.5	89	298	116	68.9	2.0	1119	7.7	89	120	70.0	2.3	1103	7.7	79	250	74	81.0	0.2	1188	7.6	16	42	22	83.6	0.03	1149	11.2	38.3	91.1	79.7	83.2	82.0	85.9	81.0	98.8
D-18/4/90	37782	1.20	8.1	155	382	174	66.7	7.0	1205	7.9	295	212	73.6	5.5	1319	7.8	147	312	90	75.6	0.3	1246	7.6	18	87	24	76.7	0.05	1244	50.2	57.5	94.5	87.8	72.1	88.4	77.2	86.2	99.3
D-19/4/90	42109	0.70	7.8	159	350	150	69.3	3.0	1304	7.8	192	160	75.0	2.5	1206	7.7	166	312	82	75.6	0.2	1276	7.7	41	152	41	79.3	0.02	1341	13.5	48.8	94.0	75.3	51.3	74.2	56.6	72.7	99.3
D-20/4/90	40871	0.70	7.7	193	298	120	60.0	3.0	1068	7.8	160	200	38.0	2.5	1167	7.8	135	222	?	?	0.3	1211	7.8	16	69	?	?	0.02	1199	15.6	?	88.0	88.1	68.9	91.7	76.8	?	99.3
D-22/4/90	36088	15	7.5	75	133	142	39.4	2.0	860	7.6	127	172	46.5	1.8	838	7.6	73	124	62	67.7	0.3	871	7.3	9	32	12	80.0	0.00	889	42.5	64.0	86.1	87.7	74.2	88.0	75.9	91.5	100
D-23/4/90	47255	0.60	7.7	181	264	124	61.3	2.6	1087	7.8	148	150	52.0	3.0	1047	7.8	122	232	68	61.8	0.3	1103	7.7	19	72	28	64.3	0.10	1008	17.6	54.7	91.7	84.4	69.0	89.5	72.7	77.4	96.2
D-24/4/90	55300	1.50	7.9	254	356	206	56.3	4.0	1300	7.9	207	222	53.2	3.5	1347	7.9	91	184	66	69.7	0.3	1188	7.6	18	100	20	76.0	0.02	1202	56.0	70.3	91.4	80.2	45.7	92.9	71.9	90.3	99.5
D-25/4/90	37646	1.00	7.8	355	556	184	50.0	3.3	1278	7.8	308	194	51.5	3.0	1376	7.8	122	216	78	71.8	0.2	1395	7.7	42	124	48	74.2	0.05	1310	60.4	59.8	93.3	65.6	42.6	88.2	77.7	73.9	98.5
D-26/4/90	34528	1.00	7.9	262	444	324	48.1	6.5	1319	7.9	279	380	43.2	6.0	1362	7.9	161	347	90	77.8	0.4	1476	7.6	31	174	67	73.6	0.50	1398	42.3	76.3	94.2	80.7	49.9	88.2	60.8	79.3	92.3
D-27/4/90	31417	3.00	7.8	237	549	236	71.2	4.0	1397	7.9	286	280	67.1	8.0	1368	7.8	176	416	112	69.6	0.4	1469	7.7	39	287	84	81.6	0.20	1480	38.5	60.0	95.6	77.8	31.0	83.5	48	64.4	95.0
D-29/4/90	27333	2.00	7.6	238	348	174	64.4	3.5	1110	7.6	372	124	75.8	2.5	1105	7.4	172	364	104	78.8	1.0	1171	7.4	44	210	73	81.1	1.50	1256	53.8	16.1	60.0	74.4	42.3	81.5	39.7	58.0	57.1
D-1/7/90	30201	1.00	7.3	137	398	188	57.4	4.0	1179	7.3	164	204	58.8	4.3	1164	7.3	81	204	62	64.5	0.1	1165	7.4	9	66	10	70.0	0.00	1264	50.6	69.6	97.6	88.9	67.6	93.4	83.4	94.7	100
D-2/7/90	39445	0.75	8.1	187	488	216	55.6	6.5	2440	8.0	191	252	49.2	5.0	2340	7.9	130	304	66	72.7	0.2	2230	8.0	28	80	21	70.5	0.00	2190	31.9	73.8	96.0	78.5	73.7	85.0	83.6	90.3	100
D-3/7/90	37252	3.50	7.6	131	436	476	27.7	4.5	1603	7.8	151	416	28.8	5.0	1479	7.8	114	269	78	56.4	0.1	1591	7.9	13	90	16	68.8	0.00	1625	24.5	81.3	98.0	88.6	66.5	90.1	79.4	96.6	100
D-4/7/90	37643	1.25	7.7	145	382	168	54.8	3.5	1814	7.9	180	184	56.5	3.0	1820	8.1	113	271	70	65.7	0.2	1893	8.1	15	88	15	73.3	0.00	1879	37.2	62.0	95.0	86.7	67.5	89.7	77.0	91.1	100
D-5/7/90	36389	0.90	7.7	156	391	156	53.8	3.5	1358	7.8	161	172	58.1	3.0	1412	7.9	116	285	66	72.7	0.3	1460	7.9	11	86	14	50.0	0.00	1425	28.0	61.6	91.7	90.5	69.8	92.9	78.0	91.0	100
D-6/7/90	33020	0.80	7.7	176	422	176	61.4	4.0	2200	7.7	176	196	59.2	3.5	2180	7.7	120	274	72	63.9	0.3	2230	7.8	14	82	16	68.8	0.00	2140	31.8	63.3	91.4	88.3	70.1	92.0	80.6	90.9	100
D-8/7/90	36095	4.50	7.5	112	341	256	46.9	4.2	2070	7.4	101	238	47.9	3.0	2430	7.5	95	251	82	75.6	0.2	1930	7.6	18	114	27	74.1	0.00	2700	5.9	65.5	93.3	81.1	54.6	83.9	66.6	89.5	100
D-9/7/90	39590	5.00	7.8	144	361	220	53.6	4.5	1790	7.8	112	236	54.2	3.3	1760	7.8	53	239	78	64.1	0.2	1710	7.6	14	74	20	70.0	0.00	1660	52.7	66.9	93.8	73.6	69.0	90.3	79.5	90.9	100
D-10/7/90	42859	12.5	7.8	161	326	268	44.8	4.5	1570	7.9	152	208	54.8	5.0	1640	7.9	76	173	74	64.9	0.2	1690	7.8	23	111	26	76.9	0.00	1720	50.0	64.4	97.0	69.7	35.8	85.7	66.0	90.3	100
D-11/7/90	36325	2.50	7.7	135	304	222	46.8	3.5	1087	7.7	135	250	55.2	3.5	1143	7.8	107	260	96	72.9	0.2	1162	7.9	14	96	18	68.9	0.00	1169	20.7	61.6	94.3	86.9	63.1	89.6	68.4	91.9	100
D-12/7/90	33522	2.50	7.7	189	416	248	58.1	5.5	1330	7.7	194	252	63.5	4.5	1931	7.8	114	304	104	71.2	0.2	1426	7.8	27	108	26	76.9	0.00	1416	41.2	58.7	95.6	76.3	64.5	85.7	74.0	89.5	100
D-13/7/90	33680	1.75	7.6	215	532	282	63.8	5.3	1444	7.6	253	296	61.5	5.0	1437	7.8	120	320	90	75.6	0.2	1418	7.8	17	92	15	75.3	0.00	1433	52.6	69.6	96.0	85.8	71.3	92.1	82.7	94.7	100
D-15/7/90	31293	1.00	7.7	150	337	182	?	3.0	1189	7.7	117	190	68.4	2.5	1199	7.7	108	256	62	?	0.5	1282	7.8	18	85	20	76.0	0.00	1378	7.7	67.4	80.0	83.3	66.8	88.0	74.8	89.0	100
D-16/7/90	36010	1.00	7.9	189	424	264	55.3	4.0	2270	7.8	190	318	54.7	5.5	2310	8.0	119	250	90	66.7	0.4	2130	8.0	16	68	21	78.1	0.00	1848	37.4	71.7	93.6	86.6	72.8	91.5	84.0	92.0	100
D-17/7/90	35445	2.50	7.9	182	388	272	43.4	3.5	1704	7.9	166	262	48.1	4.0	1731	7.9	110	274	82	51.2	0.2	1734	8.0	18	71	18	53.3	0.00	1788	33.7	68.7	96.3	83.6	74.1	90.1	81.7	93.4	100
D-18/7/90	32540	1.00	7.7	290	566	352	52.8	8.0	2540	7.7	314	358	54.2	8.0	2730	7.7	122	304	78	89.7	0.2	2750	7.9	18	116	15	93.3	0.00	2580	61.1	78.2	98.1	85.2	61.8	93.8	79.5	95.7	100
D-19/7/90	32929	1.20	7.8	246	641	376	56.4	6.0	1683	7.8	265	378	58.2	8.0	1724	7.9	132	338	170	63.5	1.7	1710	7.9	31	100	34	79.4	0.02	1742	50.2	55.0	79.4	76.5	70.4	87.4	84.4	91.0	99.7
D-20/7/90	32575	2.00	7.7	244	607	380	53.7	6.0	2160	7.8	242	436	54.1	8.0	2220	7.9	139	353	164	45.9	1.8	2120	8.0	18	104	26	72.3	0.00	2270	42.6	62.4	77.5	87.1	70.5	92.6	82.9	93.2	100
D-22/7/90	30019	4.50	7.6	175	416	224	51.8	4.5	1463	7.7	183	214	57.0	3.5	2120	7.7	105	274	104	62.9	0.8	2250	7.9	18	?	21	66.7	0.05	2610	42.6	51.4	77.1	82.9	?	89.7	?	90.6	98.9
D-23/7/90	27711	1.50	7.4	342	400	232	64.7	4.5	1858	7.6	259	284	60.6	6.0	1907	7.6	133	278	86	72.1	0.2	1835	7.6	23	106	38	76.8	0.02	1511	48.6	69.7	96.7	82.7	61.9	93.3	73.5	83.6	99.6
D-24/7/90	33999	1.50	7.5	191	488	506	35.6	6.3	2590	7.4	172	580	41.4	7.8	2530	7.6	102	267	84	71.4	0.2	2670	7.7	22	110	33	75.0	0.08	2850	40.7	85.5	97.4	78.4	58.8	88.5	77.5	93.5	98.8
D-25/7/90	33959	2.00	7.7	235	614	692	29.5	8.0	1589	7.7	242	716	31.8	9.5	1632	7.7	94	246	244	23.8	0.2	1588	7.9	16	90	52	29.2	0.00	1625	61.2	65.9	98.4	83.0	63.4	93.2	85.3	92.5	100
D-26/7/90	33290	1.00	7.7	128	392	236	59.3	3.2	2100	7.6	130	176	56.8	4.0	2200	7.7	118	272	88	59.1	0.2	2010	7.8	?	164	49	67.3	0.05	2070	9.2	50.0	95.0	?	39.7	?	58.2	79.2	98.4
D-27/7/90	33877	1.50	7.6	166	452	320	46.3	4.5	1160	7.7	221	388	47.4	5.5	1137	7.7	87	216	76	73.7	0.2	1147	7.8	19	56	28	75.0	0.10	1148	60.6	80.4	97.3	78.2	74.1	88.6	87.6	91.3	97.8
D-29/7/90	26871	2.00	7.3	139	369	284	49.3	4.0	991	7.5	161	312	44.9	4.0	986	7.3	87	198	90	62.2	0.1	978	7.5	19	116	34	72.9	0.02	1070	46.0	71.2	97.5	78.2	41.4	86.3	68.6	88.0	99.5
D-30/7/90	37634	2.00	8.1	151	?	268	47.8	3.5	1732	8.0	160	248	59.7	3.0	1803	8.0	85	?	84	69.0	0.2	1721	8.2	12	?	17	77.6	0.00	1643	46.9	66.1	93.3	85.9	?	92.1	?	93.7	100
D-31/7/90	32909	0.40	7.5	221	391	260	46.2	4.3	2140	7.5	173	244	52.5	4.5	2090	7.5	112	261	74	78.4	0.2	2000	7.6	17	127	20	78.0	0.00	1950	35.3	69.7	96.7	84.8	51.3	92.3	67.5	92.3	100
D-2/9/90	44601	1.70	7.5	140	231	360	?	4.0	806	7.5	146	328	?	3.5	811	7.5	79	145	64	?	0.2	834	7.6	12	39	11	?	0.02	905	45.9	80.5	94.3	84.8	73.1	91.4	83.1	96.9	99.5
D-3/9/90	43614	6.50	7.8	143	400	472	?	6.5	2230	7.8	95	226	?	4.0	2160	7.8	97	235	74	?	0.3	2170	7.8	14	82	12	?	0.02	1910	?	67.3	93.8	85.6	65.1	90.2	79.5	97.5	99.7
D-4/9/90	40529	4.50	7.7	192	253	186	?	5.0	1818	7.6	250	194	?	4.5	1745	7.5	108	197	80	?	0.3	1625	7.5	14	48	13	?	0.02	1726	56.8	58.8	94.4	87.0	75.6	92.7	81.0	93.0	99.6
D-5/9/90	38231	0.80	7.7	124	234	120	?	1.8	1550	7.9	123	220	?	4.0	1651	7.8	87	156	76	?	0.2	1586	7.9	18	84	74	?	0.20	1661	29.3	65.5	95.0	79.3	46.2	85.5	64.1	38.3	88.9
D-6/9/90	36909	1.30	7.6	172	394	226	51.3	5.5	1324	7.6	197	302	47.0	4.0	1306	7.7	119	257	92	65.2	0.2	1368	7.8	14	74	13	70.8	0.00	1418	39.6	69.5	96.3	88.2	71.2	91.9	81.2	94.2	100
D-7/9/90	37002	1.70	7.6	268	324	226	53.1	4.0	1390	7.6	265	236	53.4	4.5	1389	7.6	110	179	98	69.4	0.2	1352	7.7	13	97	15	69.3	0.02	1358	58.5	58.5	95.6	88.2	45.8	95.1	70.1	93.4	99.5
D-9/9/90	43377	6.50	7.6	176	200	176	50.0	3.0	859	7.6	149	172	51.2	2.0	860	7.6	90	178	76	65.8	0.2	926	7.7	13	45	18	68.9	0.02	1020	39.6	55.8	90.0	85.6	74.7	92.6	77.5	89.8	99.3
D-11/9/90	37862	5.00	7.6	146	243	164	57.3	3.2	1095	7.6	193	208	55.8	3.0	1089	7.6	68	165	86	76.7	0.3	1095	7.7	6	59	14	82.9	0.00	1095	64.8	58.7	91.7	91.2	64.2	95.9	75.7	91.5	100
D-12/9/90	35809	5.00	7.8	139	380	256	53.1	5.5	2040	7.8	201	340	47.6	8.5	2000	7.9	131	278	104	73.1	0.2	1950	7.9	11	51	8	57.5	0.02	1690	34.8	69.4	97.6	91.6	81.7	92.1	86.6	96.9	99.6
D-13/9/90	35729	2.50	7.9	205	529	264	61.4	6.5	2750	7.9	220	324	60.5	6.0	2850	7.8	111	325	90	73.3	0.3	2550	7.8	11	?	9	62.2	0.00	2500	49.5	72.2	95.0	90.1	?	94.6	?	96.6	100
D-14/9/90	41206	3.30	7.8	117	366	500	27.2	4.2	3230	7.8	135	620	32.3	7.0	3170	7.7	81	181	106	49.1	0.2	3690	7.8	12	67	12	75.0	0.00	3950	40.0	82.9	97.1	85.2	63.0	89.7	81.7	97.6	100
D-16/9/90	15519	3.60	7.6	148	400	564	31.6	7.0	1554	7.6	235	798	28.6	11.0	1515	7.6	49	151	120	48.3	0.4	1259	7.7	11	54	9	80.0	0.00	1267	79.1	85.0	96.8	77.6	64.2	92.6	86.5	98.4	100
D-17/9/90	49986	2.71	7.8	158	256	194	47.4	3.0	1831	7.8	218	240	46.7	4.0	1860	7.8	94	198	98	59.2	0.3	1862	7.7	10	66	9	75.6	0.00	1813	56.9	59.2	92.5	89.4	66.7	93.7	74.2	95.4	100
D-18/9/90	51575	2.42	7.7	123	246	186	39.8	2.5	1288	7.7	241	300	25.3	4.5	1328	7.7	101	202	86	37.2	0.2	1287	7.7	12	70	15	56.0	0.02	1317	58.1	71.3	95.6	88.1	65.3	90.2	71.5	91.9	99.2
D-19/9/90	44869	0.90	7.7	133	410	204	62.7	4.5	1490	7.7	161	256	57.8	4.5	1421	7.7	69	251	88	68.2	0.3	1386	7.7	8	144	11	80.0	0.02	1361	57.1	65.6	94.4	88.4	42.6	94.0	64.9	94.6	99.6
D-20/9/90	43491	1.00	7.5	237	388	178	57.3	4.0	1620	7.6	300	240	53.3	4.5	1571	7.7	113	243	84	69.0	0.2	1631	7.8	12	76	12	86.7	0.02	1590	62.3	65.0	95.6	89.4	68.7	94.9	80.4	93.3	99.5
D-21/9/90	45453	1.60	7.7	203	357	222	58.6	3.0	1828	7.6	215	208	73.1	5.0	1817	7.6	98	169	86	65.1	0.2	1890	7.6	9	73	13	?	0.00	1868	54.4	58.7	96.0	90.8	56.8	95.6	79.6	94.1	100
D-23/9/90	37190	1.14	7.8	199	380	244	55.7	5.0	1453	7.8	110	196	60.2	3.5	1430	7.8	104	204	116	72.4	1.5	1436	7.9	13	43	15	74.7	0.00	1458	5.5	40.8	57.1	87.5	78.9	93.5	88.7	93.9	100
D-24/9/90	40067	3.40	7.8	214	941	304	53.3	6.5	1454	7.8	396	320	57.5	7.0	1528	7.8	107	243	106	67.9	0.2	1456	7.9	11	55	14	74.3	0.02	1324	73.0	66.9	97.9	89.7	77.4	94.9	94.2	95.4	99.7
D-25/9/90	57606	5.35	7.7	208	298	260	37.7	4.0	1236	7.8	245	284	46.5	5.0	1285	7.8	90	220	124	48.4	0.3	1416	7.9	19	?	14	82.9	0.00	1611	63.3	56.3	94.0	78.9	?	90.9	?	94.6	100
D-26/9/90	46791	2.20	7.9	206	305	188	56.4	4.0	1200	7.9	?	272	50.0	6.0	1228	7.9	113	210	88	65.9	0.2	1237	7.9	14	55	10	92.0	0.00	1084	?	67.6	97.5	87.6	73.8	93.2	82.0	94.7	100
D-27/9/90	46852	?	7.7	247	361	286	51.0	4.5	1180	7.7	146	212	56.4	2.5	1251	7.7	135	248	134	52.2	0.6	1144	7.9	11	56	10	78.0	0.00	1222	7.5	36.8	76.0	91.9	77.4	95.5	84.5	96.5	100
D-28/9/90	38761	4.00	7.5	438	681	370	56.8	6.0	1396	7.6	212	348	64.4	6.0	1446	7.6	148	350	88	77.3	0.2	1356	7.6	15	120	11	70.9	0.00	1311	30.2	74.7	96.7	89.9	65.7	96.6	82.4	97.0	100
D-30/9/90	42046	1.95	7.8	255	282	166	67.5	2.0	950	7.8	284	172	65.1	2.0	965	7.8	164	259	112	76.8	0.5	971	7.9	13	56	20	80.0	0.02	1093	42.3	34.9	75.0	92.1	78.4	94.9	80.1	88.0	99.0
D-1/8/90	33322	0.40	7.6	217	315	400	59.0	3.5	2080	7.5	225	376	64.9	4.0	2090	7.4	131	215	67	77.6	0.1	2190	7.5	22	81	28	71.4	0.05	2170	41.8	82.2	97.5	83.2	62.3	89.9	74.3	93.0	98.6
D-2/8/90	10050	0.40	7.6	208	556	210	52.4	4.0	2340	7.5	244	148	66.2	2.5	2080	7.4	95	205	73	75.3	0.1	2070	7.6	18	75	34	71.8	0.00	2080	61.1	50.7	96.0	81.1	63.4	91.3	86.5	83.8	100
D-3/8/90	55930	1.20	7.8	223	459	364	45.6	5.5	2220	8.0	220	346	41.0	4.5	2300	7.9	85	199	63	74.6	0.1	2240	8.0	19	56	23	78.3	0.05	2350	61.4	81.8	97.8	77.6	71.9	91.5	87.8	93.7	99.1
D-5/8/90	52851	0.30	8.1	64	161	172	40.7	2.0	1350	8.0	59	146	45.2	1.1	1315	7.9	44	114	63	63.5	0.1	292	8.1	8	31	14	80.0	0.00	1400	25.4	56.8	90.9	81.8	72.8	87.5	80.7	91.9	100
D-6/8/90	40585	0.35	8.0	66	152	364	20.3	1.6	1403	8.1	86	412	19.9	2.5	1383	8.0	49	114	80	46.3	0.2	1407	8.0	11	24	12	76.7	0.00	1433	43.0	80.6	92.0	77.6	78.9	83.3	84.2	96.7	100
D-7/8/90	45027	2.50	7.7	48	156	242	25.6	1.4	1400	7.9	63	266	24.8	1.9	1403	7.8	37	112	84	47.6	0.2	1363	8.0	5	60	12	83.3	0.00	1407	41.3	68.4	89.5	86.5	46.4	89.6	61.5	95.0	100
D-8/8/90	47338	2.00	8.1	69	126	138	39.1	1.4	882	8.1	150	180	38.9	1.9	902	8.2	53	100	62	59.7	0.1	920	8.0	8	52	9	88.9	0.00	902	64.7	65.6	94.7	84.9	48.0	88.4	58.7	93.5	100
D-9/8/90	44207	1.20	7.8	70	188	112	48.2	1.3	1031	7.9	125	194	41.2	2.8	1074	7.9	44	101	54	61.1	0.2	1064	8.0	12	53	16	62.5	0.00	1056	64.8	72.2	94.5	72.7	47.5	82.9	71.8	85.7	100
D-10/8/90	43563	1.00	7.8	95	206	132	43.9	1.5	828	7.8	74	112	57.1	1.2	856	7.9	47	158	62	64.5	0.1	85	7.9	21	99	39	66.7	0.05	891	36.5	44.6	91.7	55.3	37.3	77.9	51.9	70.5	96.7
D-12/8/90	47718	0.70	7.8	31	81	208	20.2	0.8	715	7.8	32	246	25.2	1.5	714	7.8	?	80	233	20.2	0.7	712	7.9	3	25	12	73.3	0.00	831	?	5.3	53.3	?	68.8	90.3	69.1	94.2	100
D-13/8/90	42587	2.00	7.8	77	256	248	30.6	2.5	910	7.9	71	270	28.9	3.0	931	7.9	26	120	71	45.1	0.3	917	8.0	7	62	9	93.3	0.00	919	63.4	73.7	90.0	73.1	48.3	90.9	75.8	96.4	100
D-15/8/90	35098	0.80	7.8	100	256	234	37.6	2.5	993	7.8	97	168	50.0	1.3	953	7.8	?	140	95	52.6	0.4	1034	8.0	11	58	10	76.0	0.00	985	?	43.5	68.0	?	58.6	89.0	77.3	95.7	100
D-16/8/90	38052	0.80	7.6	94	409	194	57.7	2.5	997	7.6	?	192	54.2	2.5	996	7.7	?	194	103	57.3	0.7	988	7.9	14	65	11	69.1	0.02	990	?	46.4	72.0	?	66.5	85.1	84.1	94.3	99.2
D-17/8/90	31404	0.80	8.0	?	321	160	67.5	2.5	1096	7.9	?	164	61.0	2.5	1136	7.9	?	179	85	65.9	0.3	1082	8.1	11	98	15	66.7	0.00	1061	?	48.2	88.0	?	45.3	?	69.5	90.6	100
D-19/8/90	38905	0.30	7.7	58	197	130	64.6	2.0	1135	7.7	85	146	61.6	2.5	1169	7.8	44	123	54	79.6	0.2	1141	7.9	20	42	16	67.5	0.02	1143	48.2	63.0	94.0	54.5	65.9	65.5	78.7	87.7	99.0
D-20/8/90	38620	0.70	7.5	95	302	176	59.1	3.0	1120	7.6	94	152	59.2	2.5	1145	7.6	48	316	107	64.5	1.2	1155	7.7	19	59	15	77.3	0.05	1040	48.9	29.6	52.0	60.4	81.3	80.0	80.5	91.5	98.3
D-21/8/90	34352	0.27	7.4	112	470	172	65.1	4.5	1207	7.4	100	192	64.6	4.0	1208	7.4	74	213	69	72.5	0.2	1175	7.6	14	97	15	72.0	0.01	1162	26.0	64.1	95.0	81.1	54.5	87.5	79.4	91.3	99.8
D-22/8/90	34785	1.00	7.5	126	397	188	67.0	5.0	1950	7.5	121	190	63.2	3.5	1760	7.6	75	190	68	72.1	0.2	1720	7.7	16	101	15	61.3	0.00	1570	38.0	64.2	95.7	78.7	46.8	87.3	74.6	92.0	100
D-23/8/90	27109	0.40	7.6	158	276	142	64.8	1.5	1939	7.6	205	278	56.1	7.5	1878	7.6	102	269	123	65.9	1.0	1920	7.7	24	77	21	59.0	0.03	1959	50.2	55.8	86.7	76.5	71.4	84.8	72.1	85.2	98.3
D-24/8/90	32802	0.70	7.3	203	405	212	67.9	4.5	1922	7.3	?	320	61.3	8.5	1874	7.4	97	225	74	78.4	0.3	1820	7.4	22	114	24	70.8	0.10	1796	?	76.9	97.1	77.3	49.3	89.2	71.9	88.7	97.8
D-25/8/90	35876	0.50	7.9	81	448	296	?	?	1315	7.7	128	380	?	?	1355	7.8	65	319	70	?	?	1401	7.9	27	123	33	?	?	1525	49.2	81.6	?	58.5	61.4	66.7	72.5	88.9	?
D-27/8/90	41410	0.60	7.9	85	269	110	?	1.5	1342	7.8	139	198	?	4.0	1325	7.8	65	168	65	?	0.2	1362	7.9	15	?	23	?	0.00	1375	53.2	67.2	95.0	76.9	?	82.4	?	79.1	100
D-28/8/90	40933	1.50	7.8	120	303	290	?	4.5	1818	7.8	125	250	?	4.0	1800	7.8	78	192	68	?	0.2	1846	7.9	10	76	10	?	0.02	1723	37.6	72.8	95.0	87.2	60.4	91.7	74.9	96.6	99.6
D-29/8/90	34764	0.90	7.5	127	284	188	?	2.8	2260	7.6	143	222	?	3.5	2500	7.6	114	192	92	?	0.4	2140	7.7	?	62	14	?	0.00	2100	20.3	58.6	90.0	?	67.7	?	78.2	92.6	100
D-30/8/90	39489	0.90	7.8	131	320	166	?	2.5	1680	7.8	135	196	?	2.5	1690	7.8	90	214	88	?	0.2	1551	7.8	15	74	14	?	0.02	1672	33.3	55.1	92.0	83.3	65.4	88.5	76.9	91.6	99.2
D-31/8/90	42230	0.70	8.1	132	288	144	?	1.3	1581	8.3	143	196	?	3.0	1705	8.3	80	184	74	?	0.2	1717	8.3	11	64	13	?	0.00	1720	44.1	62.2	93.3	86.3	65.2	91.7	77.8	91.0	100
D-2/12/90	29388	0.83	8.2	339	713	356	72.5	10	2170	8.0	334	584	83.6	8.5	2110	7.9	223	372	116	84.5	1.3	2140	7.6	17	83	12	71.7	0.01	2330	33.2	80.1	84.7	92.4	77.7	95.0	88.4	96.6	99.9
D-3/12/90	30935	2.00	8.1	255	550	214	69.2	5.5	1919	8.2	227	246	67.5	8.0	1917	8.1	161	372	100	78.0	0.2	1815	7.8	18	87	22	81.8	0.00	1690	29.1	59.3	97.5	88.8	76.6	92.9	84.2	89.7	100
D-4/12/90	26348	1.00	8.1	253	473	212	79.3	7.0	1990	8.1	250	246	74.8	6.0	1950	8.1	202	384	112	82.1	0.2	2220	7.7	23	105	22	89.1	0.01	2130	19.2	54.5	96.7	88.6	72.7	90.9	77.8	89.6	99.9
D-6/12/90	28680	1.70	8.1	256	539	188	74.5	4.7	1803	8.1	337	218	75.2	5.2	1732	8.1	186	365	102	84.3	0.5	1804	7.8	27	116	23	87.0	0.00	1932	44.8	53.2	90.4	85.5	68.2	89.5	78.5	87.8	100
D-7/12/90	32799	5.90	8.4	215	440	190	69.5	?	1380	8.3	228	228	67.5	?	1408	8.1	113	213	78	76.9	?	1362	7.8	9	60	13	76.9	?	1379	50.4	65.8	?	92.0	71.8	95.8	86.4	93.2	?
D-9/12/90	33545	1.30	8.2	145	747	310	55.5	6.0	1059	8.2	181	264	53.0	4.7	1056	8.1	118	353	110	65.5	1.0	1082	7.7	15	100	18	77.8	0.02	1210	34.8	58.3	78.7	87.3	71.7	89.7	86.6	94.2	99.7
D-10/12/90	28791	1.09	8.7	354	539	232	68.1	5.5	1620	8.4	?	178	70.8	2.5	1677	8.4	114	356	130	78.5	1.5	1529	7.9	14	67	17	82.4	0.01	1359	?	27.0	40.0	87.7	81.2	96.0	87.6	92.7	99.8
D-11/12/90	27219	1.50	8.3	302	566	212	69.8	5.7	2270	8.3	319	216	68.5	6.3	2240	8.1	?	475	144	73.6	1.7	2200	?	?	?	?	?	?	?	?	33.3	73.0	?	?	?	?	?	?
D-12/12/90	31849	5.45	8.0	330	511	184	79.3	4.0	2110	8.0	372	212	74.5	5.0	2100	8.1	204	396	128	78.1	1.0	2050	7.7	34	119	33	80.8	0.01	2270	45.2	39.6	80.0	83.3	69.9	89.7	76.7	82.1	99.8
D-13/12/90	30352	5.90	8.2	324	539	196	77.6	4.5	2090	8.2	282	190	72.6	4.5	2180	8.1	203	396	110	85.5	1.0	2130	7.8	21	89	19	89.5	0.01	2210	28.0	42.1	77.8	89.7	77.5	93.5	83.5	90.3	99.8
D-14/12/90	32009	2.87	8.1	288	459	216	73.2	?	1755	8.0	399	258	71.3	?	1690	7.9	183	364	104	76.9	?	1729	7.6	18	75	18	84.4	?	1750	54.1	59.7	?	90.2	79.4	93.8	83.7	91.7	?
D-16/12/90	34492	0.40	7.9	253	354	162	76.5	3.5	1443	8.0	232	202	71.3	4.0	1455	8.2	162	287	96	81.3	0.5	1520	7.9	16	69	12	90.0	0.01	1689	30.2	52.5	87.5	90.1	76.0	93.7	80.5	92.6	99.7
D-17/12/90	36452	0.47	8.2	154	310	128	71.9	3.0	1520	8.2	164	148	70.3	3.0	1350	8.1	126	237	82	80.5	0.2	1403	7.7	15	50	11	90.9	0.00	1280	23.2	44.6	93.3	88.1	78.9	90.3	83.9	91.4	100
D-18/12/90	34361	1.20	8.2	172	345	152	73.7	4.3	1552	8.2	286	156	74.4	3.5	1500	8.2	140	310	74	83.8	0.2	1736	7.8	16	85	14	94.3	0.00	1679	51.0	52.6	94.3	88.6	72.6	90.7	75.4	90.8	100
D-19/12/90	36432	18.2	8.1	168	334	196	65.3	7.0	2230	8.1	188	188	66.0	4.5	2110	8.2	133	210	74	78.4	0.2	2190	7.8	20	74	20	85.0	0.00	2320	29.3	60.6	95.6	85.0	64.8	88.1	77.8	89.8	100
D-20/12/90	37009	1.50	8.3	181	348	184	84.8	4.5	1337	8.3	278	200	78.0	5.5	1479	8.3	124	264	76	89.5	0.2	1544	7.8	21	48	19	90.5	0.00	1605	55.4	62.0	96.4	83.1	81.8	88.4	86.2	89.7	100
D-21/12/90	37281	1.50	8.1	287	484	308	76.6	5.8	1653	8.1	392	308	75.3	5.5	1640	8.1	155	332	118	83.1	0.3	1777	7.8	22	80	16	92.5	0.05	1880	60.5	61.7	94.5	85.8	75.9	92.3	83.5	94.8	99.1
D-23/12/90	28437	1.02	7.9	176	387	162	75.3	3.8	1344	7.9	178	156	79.5	3.0	1331	7.9	155	312	100	84.0	0.6	1420	7.7	17	51	14	71.4	0.00	1468	12.9	35.9	80.0	89.0	83.7	90.3	86.8	91.4	100
D-24/12/90	29955	0.90	7.6	203	301	146	68.5	?	1299	7.8	229	176	64.8	?	1319	7.9	135	242	108	72.2	?	1375	7.6	?	51	32	78.8	?	1430	41.0	38.6	?	?	78.9	?	83.1	78.1	?
D-26/12/90	35263	0.30	8.0	201	434	118	73.0	5.0	1727	8.1	300	214	72.9	4.5	1700	8.1	131	317	114	66.7	0.9	1749	7.7	12	55	18	66.7	0.01	1750	56.3	46.7	80.0	90.8	82.6	94.0	87.3	84.7	99.8
D-27/12/90	34319	0.50	8.1	236	448	178	76.4	5.0	1325	8.0	241	180	76.7	4.5	1259	7.9	150	226	90	77.8	0.5	1344	7.8	16	79	17	85.3	0.01	1276	37.8	50.0	88.9	89.3	65.0	93.2	82.4	90.4	99.8
D-28/12/90	32730	0.96	7.8	290	376	146	83.6	?	1441	7.8	222	154	85.7	?	1460	7.7	150	242	72	83.3	?	1446	7.5	?	89	19	92.6	?	1491	32.4	53.2	?	?	63.2	?	76.3	87.0	?
D-30/12/90	30164	0.53	7.9	232	503	194	78.4	6.0	1200	7.9	407	220	80.0	5.5	1222	8.0	149	297	112	80.4	0.4	1167	7.8	?	?	14	94.3	0.01	1399	63.4	49.1	93.6	?	?	?	?	92.8	99.8
D-1/11/90	45006	5.20	8.0	?	182	134	61.2	2.5	1007	8.0	?	190	50.5	3.0	1041	8.0	?	137	76	84.2	0.2	1106	7.8	?	42	11	76.4	0.01	1117	?	60.0	93.3	?	69.3	?	76.9	91.8	99.6
D-2/11/90	44158	8.10	8.0	124	463	230	47.8	?	1599	7.9	123	230	48.7	3.0	1586	7.9	94	251	88	63.6	?	1631	7.6	27	90	20	70.0	?	1554	23.6	61.7	?	71.3	64.1	78.2	80.6	91.3	?
D-4/11/90	39223	1.80	8.1	151	294	186	57.0	4.0	1006	8.0	148	154	61.0	2.8	1000	7.9	94	204	90	71.1	0.2	988	7.8	9	39	11	87.3	0.02	1038	36.5	41.6	92.7	90.4	80.9	94.0	86.7	94.1	99.5
D-5/11/90	42394	1.51	8.2	241	688	270	53.3	4.5	1566	8.2	331	244	55.7	4.2	1571	8.2	125	294	108	61.1	0.2	1550	7.8	26	?	21	64.8	0.01	1409	62.2	55.7	95.2	79.2	?	89.2	?	92.2	99.8
D-6/11/90	44364	2.50	8.0	182	364	154	68.8	3.0	1672	8.1	156	224	49.1	3.5	1750	8.0	136	261	86	65.1	0.2	1694	7.8	20	83	17	77.6	0.01	1683	12.8	61.6	94.3	85.3	68.2	89.0	77.2	89.0	99.7
D-7/11/90	44235	1.90	7.9	195	428	210	69.5	6.5	1835	8.2	194	250	56.8	3.5	1873	8.2	121	289	104	67.3	0.2	1855	8.0	15	75	22	72.7	0.01	1820	37.6	58.4	94.3	87.6	74.0	92.3	82.5	89.5	99.8
D-8/11/90	45151	1.70	8.3	185	457	184	69.6	4.0	1944	8.3	161	228	61.4	5.5	2050	8.1	109	325	98	75.5	0.4	2090	7.8	18	98	17	75.3	0.05	1824	32.3	57.0	92.7	83.5	69.8	90.3	78.6	90.8	98.8
D-9/11/90	47032	1.50	8.2	139	294	256	40.6	3.0	1456	8.1	140	260	38.5	2.5	1361	8.0	81	172	90	55.6	0.2	1504	7.7	11	55	14	71.4	0.00	1751	42.1	65.4	92.0	86.4	68.0	92.1	81.3	94.5	100
D-11/11/90	41372	1.58	7.8	119	220	128	62.5	1.5	1444	7.9	117	138	55.1	1.2	1493	7.9	91	161	76	68.4	0.3	1391	7.9	7	45	9	84.4	0.01	1431	22.2	44.9	75.0	92.3	72.0	94.1	79.5	93.0	99.3
D-12/11/90	45729	4.50	8.2	139	263	144	61.1	1.5	1665	8.3	159	204	50.9	2.5	1717	8.0	85	208	80	82.5	0.2	1807	7.8	9	51	10	90.0	0.01	1698	46.5	60.8	92.0	89.4	75.5	93.5	80.6	93.1	99.3
D-13/11/90	49314	2.30	8.1	166	318	118	55.9	2.5	1820	8.0	198	134	62.7	2.0	1779	8.1	95	213	60	70.0	0.2	1768	7.9	15	74	12	76.7	0.01	1810	52.0	55.2	90.0	84.2	65.3	91.0	76.7	89.8	99.6
D-14/11/90	44038	0.43	8.0	138	304	136	66.2	2.5	2050	8.1	144	168	60.7	3.0	2000	8.2	107	243	68	88.2	0.2	1852	7.8	17	106	20	85.0	0.01	1854	25.7	59.5	93.3	84.1	56.4	87.7	65.1	85.3	99.6
D-15/11/90	29816	0.48	8.5	251	447	152	65.8	3.3	1770	8.4	312	204	62.7	3.8	2880	8.2	192	439	108	72.2	0.9	2490	7.9	26	158	30	82.7	0.01	2240	38.5	47.1	76.0	86.5	64.0	89.6	64.7	80.3	99.7
D-16/11/90	29448	0.13	8.2	192	357	286	79.0	?	2950	7.9	127	230	70.4	?	2980	7.7	158	304	92	89.1	?	2780	7.6	27	77	31	87.7	?	2790	?	60.0	?	82.9	74.7	85.9	78.4	89.2	?
D-18/11/90	35825	1.40	8.0	111	371	142	73.2	4.5	1440	8.0	157	154	71.4	4.0	1437	7.9	109	197	80	90.0	0.2	1560	7.7	14	131	24	83.3	0.01	1757	30.6	48.1	96.3	87.2	33.5	87.4	64.7	83.1	99.8
D-19/11/90	47384	0.80	8.2	147	224	146	65.8	4.0	1758	8.2	118	138	66.7	1.4	1740	8.0	85	106	74	70.3	0.2	1712	7.7	15	23	18	82.2	0.00	1707	28.0	46.4	85.7	82.4	78.3	89.8	89.7	87.7	100
D-20/11/90	47306	0.14	8.2	206	324	166	63.9	3.5	1782	8.0	261	146	68.5	3.0	1830	8.0	105	220	84	71.4	0.2	1879	7.8	12	66	23	66.1	0.05	1833	59.8	42.5	93.3	88.6	70.0	94.2	79.6	86.1	98.6
D-21/11/90	40127	7.90	8.1	233	456	214	67.3	6.0	1586	8.1	268	238	69.7	4.5	1672	8.0	114	260	74	81.1	0.2	1784	7.9	33	140	32	78.1	0.01	1839	57.5	68.9	95.6	71.1	46.2	85.8	69.3	85.0	99.8
D-22/11/90	28005	3.45	8.2	226	419	178	70.8	4.5	2210	8.3	197	218	70.6	4.0	2150	8.2	141	318	100	80.0	0.4	2170	7.8	19	100	28	75.7	0.03	1914	28.4	54.1	91.3	86.5	68.6	91.6	76.1	84.3	99.4
D-23/11/90	28819	2.24	8.4	195	392	188	70.2	4.0	2790	8.2	218	210	66.7	4.0	2680	8.0	130	267	82	78.0	0.3	2550	7.9	18	86	19	78.9	0.00	2520	40.4	61.0	93.8	86.2	67.8	90.8	78.1	89.9	100
D-25/11/90	27098	2.12	8.2	197	497	254	73.2	6.5	1685	8.2	?	274	66.4	7.0	1681	8.2	130	307	132	72.7	1.3	1697	7.7	10	70	19	73.7	0.00	1894	?	51.8	82.1	92.3	77.2	94.9	85.9	92.5	100
D-26/11/90	42667	2.70	8.3	173	427	208	71.2	5.5	1979	8.4	221	204	70.6	5.0	1955	8.3	113	291	82	82.9	0.2	1862	7.7	16	105	20	86.0	0.02	1789	48.9	59.8	97.0	85.8	63.9	90.8	75.4	90.4	99.6
D-27/11/90	47222	2.21	8.1	148	321	142	73.2	3.0	1681	8.1	194	242	66.9	7.0	1704	8.0	130	274	104	75.0	0.8	1653	7.8	12	78	14	82.9	0.01	1705	33.0	57.0	88.6	90.8	71.5	91.9	75.7	90.1	99.7
D-28/11/90	32157	0.60	8.1	243	572	200	78.0	4.5	2280	8.2	289	240	74.2	6.5	2340	8.0	166	372	98	81.6	0.2	2320	7.8	13	86	13	89.2	0.00	2230	42.6	59.2	97.7	92.2	76.9	94.7	85.0	93.5	100
D-29/11/90	25687	1.23	8.2	316	743	280	72.1	6.5	2390	7.8	363	260	70.8	7.0	2460	8.1	169	408	112	76.8	0.3	2380	7.7	16	98	16	77.5	0.01	2210	53.4	56.9	96.4	90.5	76.0	94.9	86.8	94.3	99.8
D-30/11/90	26040	2.10	8.1	302	702	244	75.4	8.5	2480	8.0	357	304	71.1	11.5	2250	8.0	194	412	114	82.5	0.2	2640	7.8	19	118	18	83.3	0.00	2590	45.7	62.5	98.3	90.2	71.4	93.7	83.2	92.6	100
D-1/10/90	47623	3.40	7.7	283	310	170	61.2	2.5	1065	7.8	235	270	51.1	5.5	1100	7.8	110	227	108	66.7	0.5	1090	7.9	16	85	20	80.0	0.02	993	53.2	60.0	91.8	85.5	62.6	94.3	72.6	88.2	99.2
D-2/10/90	54578	3.60	7.9	313	341	512	33.6	6.0	915	7.9	205	520	33.8	7.5	976	7.9	107	200	106	64.2	0.2	1002	7.9	13	74	16	80.0	0.00	1021	47.8	79.6	97.3	87.9	63.0	95.8	78.3	96.9	100
D-3/10/90	36911	6.00	7.7	300	610	452	45.1	8.0	1313	7.7	375	556	43.9	10.0	1312	7.7	150	323	212	49.1	2.5	1238	7.7	21	116	14	85.7	0.02	1133	60.0	61.9	75.0	86.0	64.1	93.0	81.0	96.9	99.8
D-4/10/90	35244	6.00	7.8	177	412	196	69.4	4.5	2190	7.8	330	476	52.1	7.5	2330	7.8	151	274	124	61.3	0.3	2350	7.7	8	90	17	76.5	0.02	2220	54.2	73.9	96.7	94.7	67.2	95.5	78.2	91.3	99.6
D-5/10/90	39566	5.80	7.7	192	416	236	57.6	4.5	1447	7.6	296	384	54.2	7.0	1445	7.7	148	270	108	66.7	0.4	1380	7.8	13	78	14	71.4	0.02	1408	50.0	71.9	94.3	91.2	71.1	93.2	81.3	94.1	99.6
D-7/10/90	45469	1.97	7.3	129	237	234	38.5	1.5	1190	7.4	123	228	42.1	2.0	1202	7.4	73	175	110	34.5	0.2	1309	7.5	7	66	19	63.2	0.02	1631	40.7	51.8	90.0	90.4	62.3	94.6	72.2	91.9	98.7
D-8/10/90	46240	2.70	7.9	122	287	168	50.0	2.0	1906	7.8	157	188	53.2	2.0	2130	7.8	99	198	92	58.7	0.2	810	7.8	12	43	16	77.5	0.05	1425	36.9	51.1	92.5	87.9	78.3	90.2	85.0	90.5	97.5
D-9/10/90	45903	1.30	8.0	90	271	144	66.7	4.5	1221	8.0	110	164	70.7	3.0	1209	7.8	78	179	74	73.0	0.2	1266	7.7	10	41	14	74.3	0.05	1283	29.1	54.9	95.0	87.2	77.1	88.9	84.9	90.3	98.9
D-10/10/90	44343	1.25	8.0	169	327	126	68.3	2.5	1940	8.1	172	180	77.8	2.5	1950	7.8	106	272	78	79.5	0.2	1886	7.9	15	93	17	72.9	0.02	1891	38.4	56.7	92.0	85.8	65.8	91.1	71.6	86.5	99.2
D-12/10/90	39343	4.80	8.0	140	555	282	45.4	6.5	850	8.0	134	208	48.1	3.5	890	7.9	44	160	76	60.5	0.2	906	7.8	7	75	10	72.0	0.02	882	67.2	63.5	94.3	84.1	53.1	95.0	86.5	96.5	99.7
D-14/10/90	34347	0.80	7.9	155	243	210	47.6	2.5	848	7.9	170	138	52.2	1.5	858	8.0	89	133	74	75.7	0.3	902	8.0	9	35	12	58.3	0.02	898	47.6	46.4	83.3	89.9	73.7	94.2	85.6	94.3	99.2
D-15/10/90	53012	3.50	8.2	157	361	208	51.0	5.0	1015	8.2	197	188	53.2	4.0	931	8.1	93	204	86	60.5	0.3	1019	7.9	12	51	17	58.8	0.02	967	52.8	54.3	93.8	87.1	75.0	92.4	85.9	91.8	99.6
D-16/10/90	52258	1.50	8.4	195	246	172	60.5	3.5	1631	8.3	184	156	69.2	3.8	1564	8.2	92	165	86	72.1	0.4	1626	8.0	11	42	18	77.8	0.01	1635	50.0	44.9	89.3	88.0	74.5	94.4	82.9	89.5	99.7
D-17/10/90	49493	3.70	8.1	102	269	156	52.6	2.5	1082	7.9	177	152	52.6	2.5	1180	8.0	68	165	76	71.1	0.2	1041	7.8	10	54	13	83.1	0.02	1079	61.6	50.0	92.0	85.3	67.3	90.2	79.9	91.7	99.2
D-18/10/90	46200	2.50	8.3	192	294	172	55.8	3.5	1983	8.3	157	150	61.3	2.0	1934	8.1	107	207	104	61.5	0.4	1886	7.9	15	69	20	84.0	0.02	1880	31.8	30.7	82.5	86.0	66.7	92.2	76.5	88.4	99.4
D-19/10/90	46069	6.00	8.2	185	334	156	60.3	4.0	1987	8.3	217	162	64.2	4.0	2100	8.2	121	299	114	64.9	0.5	2050	7.9	16	65	11	80.0	0.03	2040	44.2	29.6	87.5	86.8	78.3	91.4	80.5	92.9	99.3
D-21/10/90	44324	1.60	7.8	174	173	134	68.7	2.5	967	7.8	165	114	68.4	2.0	980	7.8	104	202	100	70.0	0.3	1013	7.8	21	81	28	75.7	0.10	1105	37.0	12.3	87.5	79.8	59.9	87.9	53.2	79.1	96.0
D-22/10/90	48950	2.50	8.1	109	211	880	13.2	5.5	1745	7.9	154	1108	13.7	7.0	1534	8.0	46	111	118	44.1	0.4	1556	7.9	7	35	13	76.9	0.01	1495	70.1	89.4	95.0	84.8	68.5	93.6	83.4	98.5	99.8
D-23/10/90	60017	3.50	7.9	120	284	518	17.8	4.0	1048	7.9	115	460	20.0	4.0	1046	8.0	92	215	134	43.3	0.5	1135	8.0	11	88	20	54.0	0.01	1171	20.0	70.9	88.8	88.0	59.1	90.8	69.0	96.1	99.8
D-24/10/90	41569	3.30	7.9	115	357	334	33.5	3.5	1760	8.0	186	464	37.9	6.0	1858	8.0	92	230	110	54.5	0.5	1785	7.9	8	61	18	57.8	0.02	1595	50.5	76.3	92.5	91.3	73.5	93.0	82.9	94.6	99.4
D-25/10/90	40915	2.00	8.0	244	?	194	50.5	3.2	1885	8.0	?	284	42.3	2.8	2080	7.9	141	251	140	52.9	0.6	2020	8.0	13	63	16	62.5	0.02	2030	?	50.7	78.6	90.8	74.9	94.7	?	91.8	99.4
D-26/10/90	44858	1.41	8.1	380	318	194	55.7	2.7	1970	8.1	137	188	55.3	1.8	2080	8.0	99	239	104	63.5	0.4	2130	7.9	16	71	22	59.1	0.02	2190	27.7	44.7	77.8	83.8	70.3	95.8	77.7	88.7	99.3
D-28/10/90	47576	5.97	8.1	?	188	128	67.2	2.0	1465	8.1	?	158	55.7	2.0	1489	7.9	?	176	80	80.0	0.3	1435	7.8	?	59	24	73.3	0.02	1566	?	49.4	85.0	?	66.5	?	68.6	81.3	99.0
D-29/10/90	47501	1.00	8.2	?	384	180	64.4	3.5	1567	8.2	?	224	55.4	2.5	1512	8.1	?	270	110	63.6	0.3	1570	7.8	?	122	22	68.2	0.01	1463	?	50.9	88.0	?	54.8	?	68.2	87.8	99.7
D-30/10/90	47506	0.50	8.0	?	307	196	60.2	4.0	1557	8.0	?	228	49.1	5.0	1575	8.0	?	233	96	62.5	0.3	1620	7.9	?	74	26	60.0	0.01	1639	?	57.9	94.0	?	68.2	?	75.9	86.7	99.8
D-1/3/91	26343	2.07	7.7	275	553	528	43.9	7.0	1105	7.8	166	516	45.0	8.5	1174	7.9	84	265	158	59.5	1.4	1422	7.7	24	87	29	82.8	0.10	1782	49.4	69.4	83.5	71.4	67.2	91.3	84.3	94.5	98.6
D-3/3/91	32884	0.80	7.8	169	337	132	75.8	2.5	1568	7.9	192	204	68.6	4.5	1526	7.9	137	332	126	77.8	1.8	1516	7.7	14	71	14	94.3	0.02	1450	28.6	38.2	60.0	89.8	78.6	91.7	78.9	89.4	99.2
D-4/3/91	40745	1.50	7.7	156	547	166	66.3	6.0	1667	7.9	135	174	67.8	4.0	1730	7.9	118	333	100	74.0	1.0	1619	7.7	15	120	17	82.4	0.02	1576	12.6	42.5	75.0	87.3	64.0	90.4	78.1	89.8	99.7
D-5/3/91	39804	4.85	7.9	209	416	196	68.4	5.0	1711	7.9	277	250	69.6	7.0	1774	7.9	138	348	110	78.2	0.6	1845	7.7	16	107	19	77.8	0.02	1813	50.2	56.0	91.4	88.4	69.3	92.3	74.3	90.3	99.6
D-6/3/91	45804	2.20	7.9	170	380	146	79.5	4.5	1949	7.9	236	160	76.3	4.5	1957	7.9	161	328	82	90.2	0.6	2110	7.8	23	127	21	93.3	0.02	2130	31.8	48.8	86.7	85.7	61.3	86.5	66.6	85.6	99.6
D-7/3/91	42289	3.30	7.7	150	289	182	73.6	2.5	1698	8.0	130	134	68.7	2.0	1718	8.0	76	202	68	73.5	0.5	1604	7.7	25	87	21	83.8	0.00	1694	41.5	49.3	75.0	67.1	56.9	83.3	69.9	88.5	100
D-8/3/91	44548	1.40	7.9	218	272	216	40.7	?	1360	7.9	261	236	44.1	?	1328	7.8	154	213	100	64.0	?	1427	7.7	16	101	18	84.4	?	1514	41.0	57.6	?	89.6	52.6	92.7	62.9	91.7	?
D-10/3/91	36792	0.70	7.9	168	303	148	66.2	2.5	1069	8.0	158	158	65.8	3.0	1070	7.9	92	248	74	86.5	0.4	1150	7.7	16	78	12	83.3	0.00	1244	41.8	53.2	88.3	82.6	68.5	90.5	74.3	91.9	100
D-11/3/91	36410	1.60	8.0	173	396	242	57.0	6.8	1879	8.1	253	210	63.8	6.3	1916	7.9	85	341	108	66.7	0.7	1761	7.7	21	70	18	88.9	0.03	1605	66.4	48.6	88.8	75.3	79.5	87.9	82.3	92.6	99.6
D-12/3/91	33988	2.50	7.8	161	391	148	73.0	4.5	1551	7.9	183	170	69.4	4.0	1505	7.9	151	313	86	86.0	0.9	1512	7.8	19	94	14	97.2	0.02	1439	17.5	49.4	77.5	87.4	70.0	88.2	76.0	90.5	99.6
D-13/3/91	36479	3.80	8.1	192	422	176	68.2	4.5	2080	8.0	202	220	63.6	5.7	2100	7.9	132	367	118	79.7	1.2	2140	7.8	20	152	16	87.5	0.00	2290	34.7	46.4	78.9	84.8	58.6	89.6	64.0	90.9	100
D-14/3/91	31592	4.70	8.0	217	549	248	67.7	7.0	1370	8.1	255	224	67.9	5.0	1483	8.1	154	406	102	80.4	0.6	1410	7.8	15	74	13	86.2	0.00	1406	39.6	54.5	88.0	90.3	81.8	93.1	86.5	94.8	100
D-15/3/91	31789	2.10	7.9	215	549	234	71.8	5.5	2370	7.9	328	272	72.3	5.0	2410	7.9	204	428	112	78.6	1.0	2360	7.8	18	101	18	88.9	0.00	2300	37.8	58.8	80.0	91.2	76.4	91.6	81.6	92.3	100
D-17/3/91	27968	1.60	8.0	202	471	242	63.6	5.5	1158	8.0	278	340	60.6	6.5	1160	7.9	118	277	106	73.6	0.4	1205	7.7	25	83	21	76.2	0.00	1285	57.6	68.8	94.6	78.8	70.0	87.6	82.4	91.3	100
D-18/3/91	30853	1.24	8.0	179	455	168	70.2	4.3	1410	8.0	179	166	69.9	3.0	1347	7.9	?	376	104	78.8	0.1	1371	7.6	24	99	22	86.4	0.00	1203	?	37.3	96.7	?	73.7	86.6	78.2	86.9	100
D-19/3/91	29815	0.98	8.0	224	400	160	68.8	4.5	2230	8.2	244	178	64.0	5.0	2270	8.0	168	392	96	77.1	0.6	1763	7.7	20	94	22	83.6	0.00	1754	31.1	46.1	88.0	88.1	76.0	91.1	76.5	86.3	100
D-20/3/91	32578	2.50	7.8	223	443	184	69.6	4.0	1553	7.9	214	186	71.0	3.5	1670	7.9	181	345	86	83.7	0.1	1643	7.8	29	86	22	90.9	0.01	1665	15.4	53.8	97.1	84.0	75.1	87.0	80.6	88.0	99.8
D-21/3/91	33784	1.00	7.9	166	392	186	64.5	7.5	2510	8.0	213	198	64.6	5.0	2470	8.0	149	357	110	74.5	1.2	2390	7.8	20	94	20	80.0	0.02	2420	30.0	44.4	76.0	86.6	73.7	88.0	76.0	89.2	99.7
D-22/3/91	33029	3.40	7.9	226	624	264	75.0	?	2150	7.8	336	226	75.2	?	2070	7.7	164	348	82	95.1	?	2240	7.6	27	60	22	86.4	?	2210	51.2	63.7	?	83.5	82.8	88.1	90.4	91.7	?
D-24/3/91	48657	1.70	7.7	72	180	122	49.2	2.5	990	7.7	98	122	45.9	1.8	986	7.6	61	180	70	62.9	0.2	923	7.6	21	72	18	83.3	0.00	1109	37.8	42.6	88.9	65.6	60.0	70.8	60.0	85.2	100
D-25/3/91	45512	2.60	7.9	89	176	166	36.1	1.2	1059	8.0	97	218	32.1	1.9	1145	8.0	72	161	86	48.8	0.2	1060	7.7	15	?	14	85.7	0.00	1046	25.8	60.6	92.1	79.2	?	83.1	?	91.6	100
D-26/3/91	44085	4.20	7.4	183	325	228	47.4	3.5	1229	7.7	125	218	50.5	3.0	1254	7.8	97	368	136	57.4	1.3	1343	7.7	15	94	18	77.8	0.00	1382	22.4	37.6	56.7	84.5	74.5	91.8	71.1	92.1	100
D-27/3/91	40578	3.28	7.9	174	?	160	67.5	3.1	1433	7.9	203	146	65.8	3.0	1388	7.9	133	?	82	80.5	0.2	1472	7.8	17	?	18	79.8	0.00	1459	34.5	43.8	93.3	87.2	?	90.2	?	88.8	100
D-29/3/91	34917	8.50	7.5	156	311	226	67.3	?	1075	7.5	256	204	64.7	?	1116	7.5	112	182	92	76.1	?	1141	7.4	12	29	15	80.0	?	1170	56.3	54.9	?	89.3	84.1	92.3	90.7	93.4	?
D-31/3/91	32217	2.00	7.7	365	370	172	62.8	?	928	7.6	296	196	55.1	?	936	7.7	93	135	80	77.5	?	940	7.6	13	70	16	87.5	?	940	68.6	59.2	?	86.0	48.1	96.4	81.1	90.7	?
D-1/2/91	38105	1.56	8.4	230	517	218	75.2	5.0	1645	8.5	269	212	73.6	4.5	1676	8.3	154	349	102	80.4	0.4	1658	8.0	16	82	13	92.3	0.01	1658	42.8	51.9	91.1	89.6	76.5	93.0	84.1	94.0	99.8
D-3/2/91	30701	0.62	8.1	136	447	196	60.2	4.5	1105	8.3	159	188	60.6	3.5	1120	7.8	114	247	74	78.4	0.4	1155	7.6	29	106	27	85.2	0.01	1312	28.3	60.6	88.6	74.6	57.1	78.7	76.3	86.2	99.8
D-4/2/91	34290	3.03	8.1	194	435	166	72.3	4.0	1770	8.1	213	260	70.0	5.5	1930	8.1	64	345	100	76.0	0.8	1880	7.7	14	51	13	84.6	0.00	1722	70.0	61.5	85.5	78.1	85.2	92.8	88.3	92.2	100
D-5/2/91	35338	3.20	8.0	195	574	166	69.9	4.9	1563	8.0	156	188	68.1	4.0	1580	8.0	131	337	76	78.9	0.5	1695	7.7	17	83	16	87.5	0.02	1736	16.0	59.6	87.5	87.0	75.4	91.3	85.5	90.4	99.6
D-6/2/91	37120	2.57	8.0	212	546	184	72.8	4.5	2240	8.0	312	182	74.7	4.3	2160	8.0	169	329	94	74.5	0.5	1940	7.8	16	91	14	92.9	0.00	1860	45.8	48.4	89.4	90.5	72.3	92.5	83.3	92.4	100
D-7/2/91	35190	10	8.1	227	812	350	59.4	0.7	1512	8.1	323	358	59.8	7.3	1592	8.1	175	412	150	70.7	1.2	1524	7.8	21	91	20	90.0	0.10	1565	45.8	58.1	83.4	88.0	77.9	90.7	88.8	94.3	85.7
D-8/2/91	33714	2.65	8.4	228	473	200	74.0	?	1542	8.3	224	280	69.3	?	1546	8.1	146	335	106	81.1	?	1658	7.7	31	117	22	90.9	?	1645	34.8	62.1	?	78.8	65.1	86.4	75.3	89.0	?
D-10/2/91	29660	1.99	8.0	223	521	208	74.0	5.3	1585	8.0	230	200	75.0	5.0	1555	7.9	158	327	120	75.0	1.1	1597	9.7	21	?	17	88.2	0.02	1708	31.3	40.0	78.0	86.7	?	90.6	?	91.8	100
D-11/2/91	31749	10.7	8.1	247	525	264	71.2	6.3	1606	8.2	230	262	67.9	7.0	1598	8.1	148	339	126	74.6	0.8	1564	7.8	24	?	21	85.7	0.05	1455	35.7	51.9	88.6	83.8	?	90.3	?	92.0	99.2
D-12/2/91	32736	5.30	8.2	257	629	312	71.8	7.5	1823	8.2	259	264	72.0	6.3	1767	8.2	199	374	104	78.8	0.6	1871	7.8	28	108	22	90.9	0.02	1850	23.2	60.6	90.4	85.9	71.1	89.1	82.8	92.9	99.7
D-13/2/91	34441	8.20	8.1	199	486	240	68.3	9.0	1605	8.1	259	352	68.2	13.2	1684	8.1	168	394	116	75.9	0.4	1679	7.7	31	147	28	85.7	0.03	1770	35.1	67.0	97.0	81.5	62.7	84.4	69.8	88.3	100
D-14/2/91	32888	6.25	8.1	185	401	156	79.5	4.0	1513	8.2	170	224	73.2	5.5	1593	8.1	149	296	86	90.7	0.4	1653	7.8	24	97	22	90.9	0.01	1682	12.4	61.6	92.7	83.9	67.2	87.0	75.8	85.9	100
D-15/2/91	34461	6.20	8.1	222	662	252	68.3	6.5	1734	8.2	250	310	7.1	7.3	1733	8.2	175	346	104	78.8	0.6	1789	7.8	24	86	25	96.0	0.07	1821	30.0	66.5	91.7	86.3	75.1	89.2	87.0	90.1	99
D-17/2/91	34045	1.32	8.0	129	506	178	62.9	4.0	1180	8.0	109	186	62.4	3.8	1148	7.9	126	269	90	77.8	0.4	1255	7.6	22	54	19	89.5	0.01	1406	?	51.6	90.8	82.5	79.9	82.9	89.3	89.3	100
D-18/2/91	36421	2.98	8.2	240	507	356	60.7	9.0	1672	8.2	225	300	60.7	8.0	1663	8.1	135	293	94	76.6	0.4	1622	7.7	22	78	20	86.0	0.02	1454	40.0	68.7	95.0	83.7	73.4	90.8	84.6	94.4	100
D-19/2/91	37662	2.60	8.1	238	490	170	70.6	5.0	1652	8.2	305	244	67.2	5.5	1643	8.2	135	371	102	70.6	1.0	1772	8.0	23	95	20	85.0	0.02	1800	55.7	58.2	81.8	83.0	74.4	90.3	80.6	88.2	100
D-21/2/91	29990	7.60	7.9	204	469	212	75.5	5.0	1145	7.9	252	246	70.7	6.5	1186	8.1	154	257	90	84.4	0.3	1172	7.8	18	20	14	88.6	0.00	1249	38.9	63.4	96.2	88.3	92.2	91.2	95.7	93.4	100
D-22/2/91	37561	12.5	7.5	?	?	196	72.5	?	1245	7.6	370	194	75.3	?	1185	7.7	212	230	110	74.6	?	1163	7.6	15	99	14	91.4	?	1207	42.7	43.3	?	92.9	57.0	?	?	92.9	?
D-24/2/91	27340	4.19	7.7	254	411	174	73.6	4.5	1339	7.9	375	292	67.1	8.0	1350	7.9	121	319	102	78.4	0.5	1423	7.7	17	96	19	86.3	0.00	1431	67.7	65.1	94.4	86.0	69.9	93.3	76.6	89.1	100
D-25/2/91	30055	5.70	7.8	230	422	222	71.2	5.0	1733	7.9	379	400	65.0	10.0	1790	8.0	194	346	122	82.0	0.9	1743	7.7	27	106	24	85.0	0.02	1629	48.8	69.5	91.0	86.1	69.4	88.3	74.9	89.2	100
D-26/2/91	31494	2.50	8.0	290	459	228	71.9	7.5	1684	8.0	449	298	71.1	9.0	1746	8.0	187	352	112	91.1	0.6	1828	7.8	28	57	22	87.3	0.02	1740	58.4	62.4	93.3	85.0	83.8	90.3	87.6	90.4	100
D-27/2/91	31765	2.00	7.9	240	887	314	76.4	7.0	2120	7.9	158	292	74.0	7.2	2200	7.9	167	511	136	75.0	0.7	2190	7.7	26	95	23	92.2	0.02	2170	?	53.4	91.0	84.4	81.4	89.2	89.3	92.7	100
D-28/2/91	25342	2.00	8.3	275	494	212	78.3	4.5	2070	8.3	411	322	73.3	10.0	2200	8.2	167	371	118	88.1	0.5	2240	7.8	18	138	22	?	0.02	2230	?	?	?	?	?	?	?	?	?
D-1/1/91	32441	0.80	8.1	198	351	134	76.1	2.5	1341	8.1	264	142	73.2	2.5	1300	8.1	138	234	98	83.7	0.3	1355	7.9	15	77	17	85.3	0.01	1394	47.7	31.0	88.0	89.1	67.1	92.4	78.1	87.3	99.6
D-2/1/91	40740	1.20	8.2	127	444	172	73.3	3.0	1658	8.2	117	184	71.7	4.0	1629	8.1	66	315	94	83.0	0.5	1644	7.8	15	85	15	90.0	0.01	1491	43.6	48.9	87.5	77.3	73.0	88.2	80.9	91.3	99.7
D-3/1/91	34637	3.50	8.1	231	368	162	76.5	4.0	1854	8.1	273	158	74.7	4.5	1846	8.1	158	308	76	86.8	0.4	1822	7.8	18	92	15	83.3	0.00	1734	42.1	51.9	92.2	88.6	70.1	92.2	75.0	90.7	100
D-4/1/91	34322	3.00	8.4	249	600	216	77.8	5.0	1566	8.3	220	204	74.5	5.3	1583	8.2	161	328	86	76.7	0.4	1643	7.7	18	88	12	83.3	0.05	1655	26.8	57.8	92.4	88.8	73.2	92.8	85.3	94.4	99.0
D-6/1/91	35111	0.50	7.9	228	461	126	74.6	2.5	1113	8.1	243	142	76.1	2.5	1104	8.0	122	279	92	78.3	0.5	1061	7.8	14	89	13	65.4	0.02	1142	49.8	35.2	80.0	88.5	68.1	93.9	80.7	89.7	99.2
D-7/1/91	40585	0.80	8.3	230	524	158	70.9	5.0	1178	8.2	285	186	66.7	5.5	1217	8.1	117	304	82	70.7	0.3	1178	7.8	13	92	13	73.1	0.02	1114	58.9	55.9	94.5	88.9	69.7	94.3	82.4	91.8	100
D-8/1/91	37735	1.67	7.9	203	487	168	77.4	3.5	1353	8.1	231	196	70.4	5.5	1338	8.1	107	341	60	86.7	0.2	1250	7.8	17	166	15	90.0	0.01	1268	53.7	69.4	96.4	84.1	51.3	91.6	65.9	91.1	99.7
D-9/1/91	34277	1.50	8.2	133	531	220	73.6	7.0	1514	8.2	207	288	65.3	11.0	1535	8.0	92	257	72	72.2	0.4	1476	7.7	11	83	17	73.5	0.01	1429	55.6	75.0	96.8	88.0	67.7	91.7	84.4	92.3	99.9
D-10/1/91	41451	0.50	8.0	131	384	154	74.0	4.5	1260	8.1	189	298	75.2	6.5	1300	8.0	114	273	80	80.0	0.3	1367	7.8	18	95	19	84.2	0.01	1443	39.7	73.2	96.2	84.2	65.2	86.3	75.3	87.7	100
D-11/1/91	45183	0.40	7.8	205	347	142	67.6	?	1373	7.7	339	148	68.9	?	1312	7.8	101	219	72	81.9	?	1409	7.7	19	100	19	85.1	?	1473	70.2	51.4	?	81.2	54.3	90.7	71.2	86.6	?
D-13/1/91	27415	0.90	7.7	241	332	158	65.8	4.0	1133	7.8	182	194	67.0	3.3	1148	7.9	118	256	90	80.0	0.3	1190	7.7	12	156	11	70.9	0.05	1236	35.2	53.6	90.8	89.8	39.1	95.0	53.0	93.0	99
D-14/1/91	42614	0.35	8.3	113	347	120	71.7	2.5	1385	8.2	106	134	74.6	2.5	1377	8.1	98	279	68	88.2	0.4	1380	7.8	7	84	11	90.9	0.01	1355	7.5	49.3	84.0	92.9	69.9	93.8	75.8	90.8	100
D-15/1/91	48914	0.35	8.1	203	434	128	70.3	4.0	1496	8.3	222	114	71.9	2.5	1533	8.2	134	271	84	71.4	1.0	1489	7.7	13	60	11	76.4	0.02	1520	39.6	26.3	60.0	90.3	77.9	93.6	86.2	91.4	100
D-16/1/91	49174	0.65	7.9	188	434	126	66.7	2.5	2450	8.1	159	156	67.9	3.0	2680	8.2	139	422	90	71.1	1.0	2950	7.8	22	155	28	78.6	0.05	2740	12.6	42.3	66.7	84.2	63.3	88.3	64.3	77.8	98
D-17/1/91	45151	0.50	8.2	166	307	118	79.7	4.0	1697	8.2	214	130	80.0	3.5	1661	8.2	148	295	96	77.1	1.2	1624	7.7	19	116	27	88.3	0.02	1821	30.8	26.2	65.7	87.2	60.7	88.6	62.2	77.1	100
D-18/1/91	37143	0.70	8.2	222	493	162	75.3	5.3	1620	8.3	211	162	72.8	4.0	1746	8.2	140	330	86	83.7	0.6	1834	7.7	16	105	11	81.8	0.01	1734	33.6	46.9	85.0	88.6	68.2	92.8	78.7	93.2	100
D-20/1/91	30244	0.86	7.6	224	337	146	69.9	3.5	1146	7.8	240	168	71.4	4.0	1144	7.9	134	302	92	78.3	0.4	1205	7.7	17	78	8	80.0	0.01	1283	44.2	45.2	90.0	87.3	74.2	92.4	76.9	94.5	99.7
D-21/1/91	34032	1.00	8.2	223	470	166	72.3	5.5	1343	8.3	273	196	75.5	5.0	1362	8.2	161	337	92	73.9	0.5	1419	7.8	16	86	13	39.2	0.00	1311	41.0	53.1	90.0	90.1	74.5	92.8	81.7	92.2	100
D-22/1/91	34904	1.20	8.0	272	665	188	73.4	6.0	2200	8.1	293	192	74.0	5.0	2200	8.0	164	304	96	87.5	0.6	2130	7.7	20	76	15	80.0	0.03	2150	44.0	50.0	88.0	87.8	75.0	92.6	88.6	92.0	99.6
D-23/1/91	36063	1.00	8.2	346	350	144	72.2	5.0	1233	8.3	257	152	75.0	4.0	1230	8.1	174	300	86	97.7	0.6	1266	7.8	20	61	10	70.0	0.01	1297	32.3	43.4	85.0	88.5	79.7	94.2	82.6	93.1	99.8
D-24/1/91	35500	2.70	8.2	148	545	188	76.6	5.3	1329	8.2	221	230	73.9	5.0	1354	8.2	152	337	94	80.9	0.4	1407	7.7	14	71	11	86.4	0.00	1387	31.2	59.1	92.0	90.8	78.9	90.5	87.0	94.1	100
D-25/1/91	37730	0.70	8.0	427	815	204	70.6	?	1455	7.9	517	186	73.1	?	1558	7.9	?	423	118	78.0	?	1602	7.4	23	101	20	88.0	?	1590	?	36.6	?	?	76.1	94.6	87.6	90.2	?
D-27/1/91	28209	1.20	7.9	319	532	250	71.2	6.5	1379	8.0	331	254	69.3	6.0	1453	8.0	150	299	92	73.9	0.4	1431	7.7	15	60	14	85.7	0.02	1508	54.7	63.8	93.3	90.0	79.9	95.3	88.7	94.4	100
D-28/1/91	32680	2.60	8.2	334	594	256	67.2	7.0	1380	8.3	268	238	67.2	5.5	1400	8.2	180	372	118	66.1	0.9	1352	7.9	20	62	11	80.0	0.00	1167	32.8	50.4	83.6	88.9	83.3	94.0	89.6	95.7	100
D-29/1/91	32974	2.60	8.1	311	420	208	69.2	6.5	1474	8.2	258	198	72.7	3.3	1559	8.1	189	309	152	71.1	3.0	1402	7.8	18	41	12	83.3	0.02	1466	26.7	23.2	7.7	90.5	86.7	94.2	90.2	94.2	99.7
D-30/1/91	33189	0.96	8.1	238	591	202	84.2	6.0	1380	8.0	282	210	80.0	5.5	1372	8.2	153	290	106	90.6	0.5	1413	7.9	16	63	17	94.1	0.01	1417	45.7	49.5	90.9	89.5	78.3	93.3	89.3	91.6	99.8
D-31/1/91	34579	2.50	8.3	261	592	216	71.3	7.5	1663	8.4	244	256	72.7	8.0	1685	8.2	163	400	170	77.6	3.5	1680	7.8	24	47	13	92.9	0.02	1848	33.2	33.6	56.3	85.3	88.3	90.8	92.1	94.0	99.7
D-1/5/91	46126	1.30	7.5	122	289	114	73.7	2.5	1103	7.6	122	146	64.4	2.0	1060	7.6	97	242	70	77.1	0.3	1094	7.6	12	99	10	96.0	0.00	1131	20.5	52.1	87.5	87.6	59.1	90.2	65.7	91.2	100
D-2/5/91	43445	4.10	7.8	133	295	158	55.7	3.0	1436	7.9	140	158	54.4	2.5	1448	7.9	92	206	74	73.0	0.3	1370	7.7	14	66	12	75.0	0.00	1203	34.3	53.2	88.0	84.8	68.0	89.5	77.6	92.4	100
D-3/5/91	35990	1.70	7.9	142	272	160	56.3	2.0	1543	7.9	154	174	57.5	3.0	1485	7.8	114	295	86	74.4	0.3	1560	7.6	18	74	14	85.7	0.00	1565	26.0	50.6	90.0	84.2	74.9	87.3	72.8	91.3	100
D-5/5/91	36976	0.94	7.9	152	510	136	67.6	3.0	1235	7.7	145	148	66.2	2.5	1266	7.7	75	204	72	69.4	0.3	1247	7.6	16	65	11	90.9	0.02	1279	48.3	51.4	88.0	78.7	68.1	89.5	87.3	91.9	99.3
D-6/5/91	33085	0.82	7.7	185	518	202	66.3	3.0	2350	7.8	345	210	67.6	3.5	2120	7.7	156	355	98	83.7	0.5	2080	7.7	14	65	13	92.3	0.02	1568	54.8	53.3	87.1	91.0	81.7	92.4	87.5	93.6	99.3
D-7/5/91	34150	3.10	7.9	228	486	184	69.6	4.5	1912	8.0	209	214	69.2	4.0	1867	8.0	145	297	100	78.0	0.5	1889	7.8	24	86	16	81.3	0.02	1888	30.6	53.3	88.8	83.4	71.0	89.5	82.3	91.3	99.6
D-8/5/91	60081	3.50	7.6	100	212	280	34.3	3.5	651	7.6	121	288	36.1	3.0	646	7.5	73	149	98	44.9	0.5	697	7.4	15	59	14	85.7	0.00	937	39.7	66.0	83.3	79.5	60.4	85.0	72.2	95.0	100
D-9/5/91	57629	3.70	7.3	80	204	180	32.2	1.8	940	7.4	84	198	34.3	1.5	912	7.5	45	125	74	45.9	0.3	863	7.4	10	51	10	80.0	0.00	683	46.4	62.6	80.0	77.8	59.2	87.5	75.0	94.4	100
D-10/5/91	48110	1.00	7.7	179	340	150	53.3	?	1509	7.7	168	198	48.5	?	1517	7.6	108	163	60	66.7	?	1568	7.2	14	96	10	72.0	?	1548	35.7	69.7	?	87.0	41.1	92.2	71.8	93.3	?
D-12/5/91	59184	0.60	7.5	94	189	120	56.7	1.5	1200	7.5	122	144	51.4	1.3	1206	7.6	71	203	54	66.7	0.2	1260	7.5	13	33	10	68.0	0.00	1353	41.8	62.5	84.0	81.7	83.7	86.2	82.5	91.7	100
D-13/5/91	47489	0.23	7.6	135	297	164	57.3	2.5	1000	7.7	175	196	53.1	2.5	1040	7.8	99	250	98	59.2	0.5	968	7.7	20	43	18	83.3	0.02	906	43.4	50.0	80.0	79.8	82.8	85.2	85.5	89.0	99.2
D-14/5/91	35374	4.40	7.9	175	566	292	57.5	7.5	1268	8.0	196	406	49.8	9.2	1358	7.9	139	327	110	72.7	0.5	1385	7.8	20	80	16	87.5	0.05	1234	29.1	72.9	95.1	85.6	75.5	88.6	85.9	94.5	99.3
D-15/5/91	33434	3.20	7.9	223	538	284	62.7	7.5	1425	8.0	218	256	63.3	6.5	1441	7.9	153	355	112	78.6	0.5	1403	7.9	18	104	19	84.2	0.02	1391	29.8	56.3	92.3	88.2	70.7	91.9	80.7	93.3	99.7
D-16/5/91	31967	3.25	7.9	222	516	456	46.5	8.5	1335	7.9	302	374	52.9	9.0	1393	7.8	161	352	110	74.6	0.4	1450	7.7	21	96	19	82.1	0.02	1493	46.7	70.6	95.6	87.0	72.7	90.5	81.4	95.8	99.8
D-17/5/91	32835	1.74	7.8	159	516	248	61.3	5.0	1405	7.7	201	314	55.4	5.0	1340	7.8	127	314	104	71.2	0.4	1381	7.7	17	72	15	86.7	0.01	1390	36.8	66.9	92.0	86.6	77.1	89.3	86.0	94.0	99.8
D-19/5/91	33000	1.50	7.7	153	404	238	56.3	4.5	1049	7.7	138	184	63.0	2.7	1073	7.7	114	265	116	69.0	0.5	1061	7.7	33	111	41	80.5	0.03	1126	17.4	37.0	81.5	71.1	58.1	78.4	72.5	82.8	99.4
D-20/5/91	47243	0.76	7.7	168	376	272	45.6	5.3	1052	7.8	136	296	45.3	5.6	1063	7.7	97	242	80	72.5	0.2	1083	7.7	14	87	15	100	0.01	1070	28.7	73.0	96.4	85.6	64.0	91.7	76.9	94.5	99.8
D-21/5/91	40295	0.90	7.7	238	327	194	60.8	5.9	1725	7.8	210	252	54.7	6.3	1724	7.8	101	233	82	68.3	0.3	1736	7.7	12	79	14	91.4	0.01	1673	51.9	67.5	95.2	88.1	66.1	95.0	75.8	92.8	99.8
D-22/5/91	38792	1.89	7.7	250	431	196	64.3	5.5	1219	7.9	399	238	62.2	6.0	1232	7.9	133	310	86	74.4	0.2	1212	7.7	15	90	17	76.5	0.05	1197	66.7	63.9	96.7	88.7	71.0	94.0	79.1	91.3	99.1
D-23/5/91	36162	2.50	7.4	224	421	204	68.6	5.0	1328	7.7	293	248	64.5	6.5	1341	7.7	119	282	94	72.3	0.2	1331	7.7	18	98	20	80.0	0.10	1265	59.4	62.1	96.9	84.9	65.2	92.0	76.7	90.2	98.0
D-24/5/91	36495	0.12	7.7	213	627	2008	17.9	?	1257	7.6	308	1692	17.7	?	1335	7.5	97	226	66	69.7	?	1255	7.6	16	119	13	76.9	?	1289	68.5	96.1	?	83.5	47.3	92.5	81.0	99.4	?
D-26/5/91	36922	0.50	7.6	122	338	174	62.1	5.0	1035	7.7	135	216	56.5	5.5	1030	7.7	108	244	68	79.4	0.2	1099	7.6	14	44	12	82.3	0.02	1140	20.0	68.5	97.3	87.0	82.0	88.5	87.0	93.1	99.6
D-27/5/91	43497	2.10	7.8	134	323	190	61.1	4.5	2070	7.8	126	206	54.4	3.0	2050	7.9	85	229	118	61.0	0.3	1784	7.7	15	56	13	84.6	0.02	1680	32.5	42.7	90.0	82.4	75.5	88.8	82.7	93.2	99.6
D-28/5/91	38809	0.75	7.6	179	432	1228	22.8	36	1889	7.6	174	1692	21.3	46.0	1906	7.7	99	227	90	66.7	0.5	1962	7.6	18	71	17	82.4	0.02	1932	43.1	94.7	98.9	81.8	68.7	89.9	83.6	98.6	99.9
D-29/5/91	34301	3.90	7.9	243	459	286	54.5	6.5	1174	7.9	216	342	46.2	7.5	1202	7.9	123	253	90	57.8	0.3	1190	7.8	15	103	14	85.7	0.01	1167	43.1	73.7	96.0	87.8	59.3	93.8	77.6	95.1	99.8
D-30/5/91	33968	1.50	7.7	198	546	308	62.3	13	1869	7.8	239	420	53.3	19	1893	7.9	81	222	76	84.2	0.4	1804	7.7	17	79	27	77.8	0.05	1792	66.1	81.9	97.9	79.0	64.4	91.4	85.5	91.2	99.6
D-31/5/91	34094	0.99	7.8	156	483	964	23.7	18	2120	7.8	196	764	30.4	17	2110	7.8	97	170	92	60.9	0.4	1930	7.6	15	?	20	75.0	0.03	1966	50.5	88.0	97.6	84.5	?	90.4	?	97.9	99.9
D-1/4/91	34573	0.71	7.7	156	276	146	71.2	3.3	1265	7.7	166	206	66.0	4.5	1270	7.7	114	176	124	72.6	0.9	1260	7.7	30	43	44	79.5	0.50	1270	31.3	39.8	80.0	73.7	75.6	80.8	84.4	69.9	84.6
D-2/4/91	35395	0.56	7.8	273	473	210	73.3	4.5	1232	7.9	213	224	68.8	6.0	1257	7.9	170	310	116	79.3	0.1	1214	7.7	22	85	22	78.8	0.00	1116	20.2	48.2	98.3	87.1	72.6	91.9	82.0	89.5	100
D-3/4/91	34525	0.77	7.8	312	576	224	67.9	5.5	1300	7.9	324	268	71.6	5.0	1280	7.9	157	306	92	73.9	0.4	1248	7.8	23	74	23	81.2	0.00	1251	51.5	65.7	93.0	85.4	75.8	92.6	87.2	89.7	100
D-4/4/91	35861	0.76	8.1	242	492	176	75.0	5.5	1530	8.2	397	238	68.1	5.0	1612	8.1	148	312	88	75.0	0.1	1589	7.9	20	84	19	77.6	0.00	1566	62.7	63.0	98.0	86.5	73.1	91.7	82.9	89.2	100
D-5/4/91	43082	0.68	7.8	173	496	178	66.3	4.5	1329	7.9	365	212	63.2	5.0	1303	7.9	124	304	100	78.0	0.4	1338	7.7	23	88	23	87.0	0.05	1408	66.0	52.8	92.0	81.5	71.1	86.7	82.3	87.1	98.9
D-7/4/91	27931	2.20	7.5	296	455	278	78.4	4.3	1439	7.6	255	182	69.2	3.9	1436	7.6	131	318	84	83.3	0.3	1421	7.6	15	106	13	96.2	0.00	1423	48.6	53.8	92.3	88.5	66.7	94.9	76.7	95.3	100
D-8/4/91	32954	0.70	7.7	269	423	192	67.7	6.0	1164	7.9	360	266	58.6	7.0	1170	7.9	145	314	94	70.2	0.6	1222	7.7	16	110	15	97.8	0.00	1149	59.7	64.7	91.4	89.0	65.0	94.1	74.0	92.2	100
D-9/4/91	33773	4.07	7.9	233	506	222	72.1	4.5	1410	7.9	328	242	68.6	5.8	1366	7.9	201	388	102	84.3	0.4	1589	7.7	18	90	16	93.8	0.02	1461	38.7	57.9	93.9	91.0	76.8	92.3	82.2	92.8	99.6
D-10/4/91	33666	2.70	7.6	237	494	204	71.6	5.5	1187	7.7	241	224	65.2	5.0	1248	7.6	164	341	102	84.3	0.7	1350	7.6	24	71	57	88.2	0.05	1312	32.0	54.5	86.0	85.4	79.2	89.9	85.6	72.1	99.1
D-11/4/91	39715	0.60	7.8	241	539	212	70.8	5.5	1338	7.9	232	218	67.0	5.5	1403	7.9	160	353	92	80.4	0.2	1427	7.8	20	81	13	92.3	0.00	1364	31.0	57.8	96.4	87.5	77.1	91.7	85.0	93.9	100
D-12/4/91	28923	0.70	7.2	133	467	186	65.6	?	1398	7.4	141	216	64.8	?	1425	7.5	130	393	76	84.2	?	1586	7.5	20	147	31	83.9	?	1543	7.8	64.8	?	84.6	62.6	85.0	68.5	83.3	?
D-14/4/91	32317	0.70	7.5	166	393	242	55.4	5.3	958	7.7	206	256	54.7	5.5	982	7.7	135	260	96	79.2	0.4	1038	7.6	13	27	10	90.0	0.00	1082	34.5	62.5	93.6	90.4	89.6	92.2	93.1	95.9	100
D-15/4/91	33090	0.40	7.9	205	453	198	70.7	5.0	1479	7.9	199	214	70.1	5.5	1530	7.9	130	301	92	76.1	0.3	1401	7.8	15	70	22	63.6	0.00	1233	34.7	57.0	94.5	88.5	76.7	92.7	84.5	88.9	100
D-16/4/91	33371	0.82	7.8	290	448	218	66.9	5.5	1842	8.0	254	200	62.0	5.0	1829	7.9	137	312	90	75.5	0.3	1856	7.8	19	92	22	79.5	0.05	1843	46.1	55.0	94.0	86.1	70.5	93.4	79.5	89.9	99.1
D-17/4/91	33813	2.85	7.7	212	468	224	66.1	4.5	1475	7.8	337	260	62.3	6.0	1506	7.9	149	320	114	75.4	0.3	1612	7.8	18	92	14	85.7	0.02	1654	55.8	56.2	95.8	87.9	71.3	91.5	80.3	93.8	99.6
D-18/4/91	35456	6.36	8.1	184	412	216	62.0	5.0	1800	8.1	194	234	61.5	5.0	1770	8.0	116	276	106	66.0	0.5	1817	7.7	14	84	12	91.7	0.02	1760	40.2	54.7	90.0	87.9	69.6	92.4	79.6	94.4	99.6
D-19/4/91	38045	9.60	8.1	177	428	220	61.8	4.5	1372	8.0	160	244	55.7	5.3	1335	7.9	138	372	90	73.3	0.4	1340	7.7	20	104	18	88.9	0.02	1323	13.8	63.1	93.3	85.5	72.0	88.7	75.7	91.8	99.6
D-21/4/91	31191	1.98	7.9	270	321	168	66.7	4.0	1026	7.9	226	200	63.0	3.5	971	7.8	100	226	82	80.5	0.3	1009	7.7	14	51	16	82.5	0.00	1086	55.8	59.0	91.4	86.0	77.4	94.8	84.1	90.5	100
D-22/4/91	36215	6.45	7.5	161	392	266	48.1	6.0	1156	7.8	252	208	47.1	3.5	1105	7.9	110	238	82	78.0	0.4	1108	7.7	15	59	13	83.1	0.02	1035	56.3	60.6	88.6	86.4	75.2	90.7	84.9	95.1	99.7
D-23/4/91	34719	9.00	7.7	173	388	322	50.3	5.5	1196	7.7	167	210	61.9	4.5	1171	7.8	149	319	110	76.4	0.7	1234	7.6	20	108	24	79.2	0.02	1250	10.8	47.6	84.4	86.6	66.1	88.4	72.2	92.5	99.6
D-24/4/91	35729	2.90	7.7	334	841	616	59.7	14	1285	7.8	357	572	55.9	15.5	1378	7.9	170	?	102	80.4	0.4	1420	7.8	23	100	20	96.7	0.00	1433	52.4	82.2	97.4	86.5	?	93.1	88.1	96.8	100
D-25/4/91	36395	6.50	7.7	183	449	380	52.6	6.5	1306	7.8	258	464	50.9	7.5	1410	7.9	125	292	88	77.3	0.3	1498	7.7	23	54	19	89.5	0.02	1512	51.6	81.0	96.0	81.6	81.5	87.4	88.0	95.0	99.7
D-26/4/91	41503	8.70	7.5	133	346	274	46.0	?	1186	7.3	125	146	58.9	?	1203	7.1	113	196	74	73.0	?	1229	7.0	17	65	18	83.3	?	1272	9.6	49.3	?	85.0	66.8	87.2	81.2	93.4	?
D-28/4/91	27642	1.80	7.5	69	170	180	40.0	1.4	810	7.5	130	310	40.0	3.0	827	7.5	83	124	80	65.0	0.3	866	7.5	13	39	14	92.9	0.02	949	36.2	74.2	90.0	84.3	68.5	81.2	77.1	92.2	98.6
D-29/4/91	35760	1.77	7.6	115	295	182	51.6	25	1400	7.7	125	166	55.4	19	1418	7.8	98	225	84	81.0	1.0	1396	7.7	19	58	19	84.2	0.05	1316	21.6	49.4	94.7	80.6	74.2	83.5	80.3	89.6	99.8
D-1/7/91	33416	1.73	7.4	167	333	242	66.1	4.5	1960	7.6	211	202	67.3	4.5	2090	7.7	106	274	80	87.5	0.1	1942	7.7	12	73	14	78.6	0.01	1788	49.8	60.4	97.8	88.7	73.4	92.8	78.1	94.2	99.8
D-2/7/91	35518	4.20	7.8	133	105	208	54.8	3.5	1293	7.8	138	236	52.5	4.5	1347	7.8	91	125	58	82.8	0.1	1323	7.7	16	20	16	93.7	0.01	1318	34.1	75.4	97.8	82.4	84.0	88.0	81.0	92.3	99.7
D-3/7/91	35623	4.40	7.6	151	404	204	67.6	3.5	1565	7.6	137	232	62.9	4.0	1629	7.6	88	277	80	70.0	0.1	1575	7.4	12	?	13	92.3	0.01	1467	35.8	65.5	97.5	86.4	?	92.1	?	93.6	99.7
D-4/7/91	32815	6.60	7.8	151	485	198	71.7	3.5	1535	7.7	140	156	61.5	4.0	1528	7.7	102	283	78	76.7	0.1	1571	7.6	13	101	14	76.8	0.01	1605	27.1	50.0	97.5	87.3	64.3	91.4	79.2	92.9	99.7
D-5/7/91	32454	3.42	7.4	148	545	202	72.3	?	1337	7.4	138	272	62.5	?	1334	7.4	67	200	76	88.9	?	1283	7.4	11	163	11	90.9	?	1365	51.4	72.1	?	83.6	18.5	92.6	70.1	94.6	?
D-7/7/91	26590	2.92	7.5	134	351	108	81.5	3.0	1135	7.5	154	182	64.8	3.0	1115	7.5	123	351	124	75.8	0.9	1117	7.4	12	107	15	78.7	0.01	1220	20.1	31.9	70.0	90.2	69.5	91.0	69.5	86.1	99.7
D-8/7/91	33636	33.5	7.5	166	481	368	51.1	6.3	1355	7.6	155	302	54.3	5.5	1359	7.9	110	283	96	75.0	0.3	1283	8.0	29	113	?	?	?	1240	29.0	68.2	94.5	73.6	60.1	82.5	76.5	?	?
D-9/7/91	32334	19.1	7.6	179	461	298	55.7	5.0	1340	7.6	225	212	63.2	5.5	1395	7.5	111	307	84	76.2	0.2	1292	7.4	20	125	24	78.3	0.01	1300	50.7	60.4	96.4	82.0	59.3	88.8	72.9	91.9	99.8
D-10/7/91	35178	3.70	7.7	159	396	154	68.8	3.0	1440	7.8	159	184	67.4	3.1	1520	7.8	105	295	82	83.0	0.2	1415	7.7	23	109	30	86.7	0.01	1479	34.0	55.4	93.5	78.1	63.1	85.5	72.5	80.5	99.7
D-11/7/91	?	6.30	7.7	146	375	244	57.4	4.0	1413	7.8	158	280	55.7	6.5	1486	7.7	116	282	96	81.3	0.7	1449	7.6	23	112	32	82.5	0.01	1410	26.6	65.7	89.2	80.2	60.3	84.2	70.1	86.9	99.8
D-12/7/91	?	2.60	7.8	198	604	288	58.3	4.7	1235	7.8	229	222	60.4	4.5	1330	7.7	144	391	104	73.1	0.9	1320	7.7	31	159	41	82.9	0.02	1399	37.1	53.2	80.0	78.5	59.3	84.3	73.7	85.8	99.6
D-14/7/91	?	0.80	7.6	177	388	170	69.4	4.0	1147	7.7	166	198	66.7	3.0	1126	7.6	89	208	68	82.4	0.2	1105	7.7	14	74	16	87.5	0.00	1170	46.4	65.7	93.3	84.3	64.4	92.1	80.9	90.6	100
D-15/7/91	?	5.70	7.7	197	545	254	59.8	6.0	1202	7.7	182	248	61.0	4.0	1218	7.7	120	325	124	77.0	0.6	1168	7.6	20	216	18	100	0.00	1205	34.1	50.0	85.0	83.3	33.5	89.8	60.4	92.9	100
D-16/7/91	?	1.10	7.6	149	412	208	57.7	4.3	1593	7.7	127	194	60.8	4.0	1710	7.7	96	298	128	65.6	0.7	1606	7.8	17	110	22	83.6	0.00	1602	24.4	34.0	82.5	82.3	63.1	88.6	73.3	89.4	100
D-17/7/91	?	0.70	7.6	149	359	242	61.2	4.0	1315	7.7	221	280	62.9	7.0	1240	7.7	121	294	138	62.3	0.7	1250	7.8	105	290	104	86.5	0.00	1434	45.2	50.7	90.0	13.2	1.4	29.5	19.2	57.0	100
D-18/7/91	?	1.00	7.6	186	495	222	65.8	5.5	1518	7.6	168	222	64.0	4.5	1496	7.6	110	?	112	69.6	1.0	1505	7.6	101	292	74	83.8	0.25	1642	34.5	49.5	77.8	8.2	?	45.7	41.0	66.7	95.5
D-19/7/91	?	1.60	6.9	233	472	242	65.3	5.0	1183	7.3	192	236	58.5	4.5	1165	7.3	124	357	116	65.5	1.4	1253	7.5	101	236	78	74.4	0.02	1374	35.4	50.8	68.9	18.5	33.9	56.7	50.0	67.8	99.6
D-21/7/91	?	0.90	7.3	185	395	216	62.0	3.0	1367	7.4	238	232	59.5	3.0	1383	7.5	93	263	102	58.8	0.3	1356	7.6	31	117	39	71.8	0.01	1444	60.9	56.0	90.0	66.7	55.5	83.2	70.4	81.9	100
D-22/7/91	?	4.00	7.5	182	605	208	75.0	5.0	1672	7.5	155	230	61.7	5.0	1734	7.5	129	308	82	75.6	0.1	1693	7.6	26	86	21	70.5	0.01	1603	16.8	64.3	98.0	79.8	72.1	85.7	85.8	89.9	100
D-23/7/91	?	1.80	7.6	198	432	224	64.3	4.0	2150	7.7	195	208	67.3	3.5	2100	7.6	106	290	92	73.9	0.2	2140	7.6	19	90	33	82.4	0.01	2240	45.6	55.8	95.7	82.1	69.0	90.4	79.2	85.3	100
D-24/7/91	?	1.50	8.1	129	318	140	67.1	3.0	1319	8.0	124	136	69.1	2.0	1320	7.6	101	277	70	85.7	0.1	1270	7.5	15	86	22	86.4	0.01	1289	18.5	48.5	95.0	85.1	69.0	88.4	73.0	84.3	100
D-25/7/91	?	5.70	7.7	115	408	290	51.0	4.0	2150	7.7	139	198	67.7	2.5	2050	7.6	96	290	98	75.5	0.1	1924	7.5	20	118	46	75.7	0.01	2060	30.9	50.5	96.0	79.2	59.3	82.6	71.1	84.1	100
D-26/7/91	?	2.40	7.6	132	253	200	49.0	2.8	2110	7.6	129	256	50.0	2.5	2060	7.6	106	245	94	83.0	0.1	1974	7.6	15	90	28	85.7	0.02	1959	17.8	63.3	96.0	85.8	63.3	88.6	64.4	86.0	99.3
D-28/7/91	?	1.40	7.5	188	263	148	67.5	2.0	1645	7.5	148	134	77.6	1.7	1668	7.6	98	198	56	89.3	0.1	1671	7.7	14	85	21	85.7	0.00	1760	33.8	58.2	94.1	85.7	57.1	92.6	67.7	85.8	100
D-29/7/91	?	0.20	7.8	114	273	138	73.9	3.8	1870	7.8	128	172	75.6	3.5	1929	7.8	80	192	68	82.4	0.2	1835	7.5	14	73	14	88.6	0.01	1809	37.5	60.5	95.7	82.5	62.0	87.7	73.3	89.9	99.7
D-30/7/91	?	0.55	7.4	159	394	170	69.4	3.0	1450	7.4	155	196	60.2	3.0	1556	7.4	111	?	78	71.8	0.1	1690	7.6	16	110	26	78.5	0.01	1693	28.4	60.2	98.3	85.6	?	89.9	72.1	84.7	99.7
D-31/7/91	?	1.60	7.5	170	336	168	69.0	2.6	1531	7.5	192	200	67.0	3.0	1485	7.6	101	265	80	80.0	0.1	1642	7.7	19	99	34	79.4	0.02	1648	47.4	60.0	98.3	81.2	62.6	88.8	70.5	79.8	99.2
D-2/6/91	32308	1.75	7.7	118	295	178	62.9	3.0	1459	7.7	137	236	53.4	4.0	1442	7.7	103	231	104	67.3	0.3	1474	7.6	12	72	11	81.8	0.02	1607	24.8	55.9	92.5	88.3	68.8	89.8	75.6	93.8	99.3
D-3/6/91	31114	1.00	7.8	181	462	216	62.0	5.5	1315	7.8	197	354	54.2	8.0	1377	7.8	124	307	118	64.4	0.3	1270	7.7	22	68	20	75.0	0.05	1142	37.1	66.7	96.3	82.3	77.9	87.8	85.3	90.7	99.1
D-4/6/91	31205	0.58	7.7	214	467	242	61.2	4.5	1171	7.8	218	318	55.3	6.0	1205	7.7	132	300	116	67.2	0.2	1312	7.7	22	86	22	81.8	0.05	1333	39.4	63.5	96.7	83.3	71.3	89.7	81.6	90.9	98.9
D-5/6/91	35509	1.14	7.8	181	358	228	64.0	4.3	1224	7.9	243	456	49.6	9.5	1263	7.9	107	272	112	66.7	0.3	1265	7.8	16	105	16	75.0	0.01	1268	56.0	75.4	96.8	85.0	61.4	91.2	70.7	93.0	99.8
D-6/6/91	34903	2.22	7.7	227	416	218	62.4	5.4	1335	7.7	257	416	50.0	8.0	1350	7.7	156	311	134	59.7	0.5	1368	7.7	25	86	16	75.0	0.01	1379	39.3	67.8	93.8	84.0	72.3	89.0	79.3	92.7	99.8
D-7/6/91	34294	5.90	7.6	146	438	174	67.8	?	1102	7.6	182	332	55.4	?	1093	7.5	123	340	112	64.3	?	1239	7.5	23	78	16	87.5	?	1213	32.4	66.3	?	81.3	77.1	84.2	82.2	90.8	?
D-9/6/91	30614	0.92	7.7	146	313	168	64.3	4.3	1019	7.7	173	246	58.5	5.9	1020	7.7	116	183	124	64.5	0.2	1034	7.6	16	59	15	80.0	0.00	1056	32.9	49.6	96.6	86.2	67.8	89.0	81.2	91.1	100
D-10/6/91	33239	2.50	7.8	217	591	264	66.7	7.5	1234	7.7	227	500	52.8	8.5	1219	7.8	135	338	132	66.7	0.3	1294	7.7	17	84	27	77.8	0.02	1247	40.5	73.6	97.1	87.4	75.1	92.2	85.8	89.8	99.7
D-12/6/91	32100	1.50	7.5	277	523	324	67.9	7.0	1817	7.6	315	348	56.3	9.0	1816	7.8	154	297	84	66.7	0.2	1829	7.7	21	53	19	77.9	0.00	1819	51.1	75.9	98.3	86.4	82.2	92.4	89.9	94.1	100
D-13/6/91	32538	1.00	7.6	219	511	286	58.0	6.5	1326	7.8	243	382	56.5	7.0	1420	7.8	142	323	106	71.7	0.2	1359	7.7	22	98	21	74.3	0.02	1361	41.6	72.3	97.1	84.5	69.7	90.0	80.8	92.7	99.7
D-14/6/91	35571	1.75	7.2	166	549	138	63.8	?	1769	7.4	197	426	49.8	?	1882	7.5	111	287	74	70.3	?	2100	7.6	15	85	9	88.9	?	2030	43.7	82.6	?	86.5	70.4	91.0	84.5	93.5	?
D-16/6/91	33210	1.25	7.5	164	353	218	61.5	4.5	1535	7.6	185	244	58.2	5.0	1489	7.7	107	229	80	75.0	0.2	1573	7.6	15	59	14	71.4	0.02	1679	42.2	67.2	97.0	86.0	74.2	90.9	83.3	93.6	99.6
D-17/6/91	34097	0.72	7.8	192	330	190	57.9	5.5	1775	7.8	206	218	55.1	5.5	1782	7.8	117	275	82	73.2	0.2	1716	7.7	10	70	19	67.4	0.02	1605	43.2	62.4	96.4	91.5	74.5	94.8	78.8	90.0	99.6
D-18/6/91	31224	0.73	7.8	231	473	222	62.2	4.5	1309	7.8	279	268	57.5	6.0	1368	7.9	118	299	82	78.0	0.2	1529	7.7	27	136	29	75.9	0.02	1523	57.7	69.4	97.5	77.1	54.5	88.3	71.2	86.9	99.6
D-19/6/91	35389	0.36	7.6	157	392	232	53.4	5.0	1565	7.7	163	274	54.0	6.0	1517	7.8	103	250	76	81.6	0.2	1630	7.6	18	65	22	81.8	0.03	1610	36.8	72.3	97.5	82.5	74.0	88.5	83.4	90.5	99.5
D-20/6/91	36708	3.90	7.8	196	403	200	66.0	5.0	1592	7.8	301	236	69.5	4.5	1478	7.7	130	288	74	83.8	0.2	1469	7.6	12	54	14	85.7	0.01	1483	56.8	68.6	95.6	90.8	81.3	93.9	86.6	93.0	99.8
D-21/6/91	33064	1.20	7.7	266	438	200	62.0	4.5	1396	7.9	217	214	62.6	4.5	1423	7.9	137	269	74	75.7	0.2	1471	7.8	13	104	16	77.5	0.02	1441	36.9	65.4	95.6	90.5	61.3	95.1	76.3	92.0	99.6
D-24/6/91	31949	3.30	7.3	133	310	208	56.7	3.5	1134	7.5	137	168	64.3	2.5	1133	7.6	104	212	64	81.3	0.2	1143	7.6	6	90	12	83.3	0.01	1226	24.1	61.9	92.0	94.2	57.5	95.5	71.0	94.2	99.7
D-25/6/91	35195	3.20	7.6	134	404	190	57.9	5.5	1305	7.7	207	212	59.4	5.5	1341	7.8	109	325	64	81.3	0.2	1286	7.6	17	95	26	73.1	0.01	1190	47.3	69.8	97.3	84.4	70.8	87.3	76.5	86.3	99.8
D-26/6/91	34886	0.85	7.6	178	310	198	66.7	5.5	1560	7.7	156	178	66.3	3.0	1549	7.7	100	248	74	89.2	0.1	1590	7.7	13	62	22	81.8	0.01	1635	35.9	58.4	96.7	87.0	75.0	92.7	80.0	88.9	99.8
D-27/6/91	33708	0.45	7.8	171	380	164	82.9	4.5	1565	7.8	216	190	80.0	4.5	1589	7.8	119	279	52	100	0.1	1571	7.7	12	74	13	83.1	0.01	1560	44.9	72.6	97.8	89.9	73.5	93.0	80.5	92.1	99.8
D-28/6/91	32253	1.94	7.7	140	380	178	65.2	4.5	1668	7.7	147	182	68.1	3.5	1789	7.8	110	272	66	84.8	0.2	1898	7.8	15	92	22	77.3	0.00	1883	25.2	63.7	95.7	86.4	66.2	89.3	75.8	87.6	100
D-30/6/91	29793	2.40	7.6	137	372	170	71.8	4.0	1704	7.7	143	172	?	3.3	1616	7.7	100	290	76	81.6	0.5	1705	7.8	10	78	10	100	0.01	1817	30.1	55.8	84.6	90.0	73.1	92.7	79.0	94.1	99.8
D-1/10/91	32208	0.54	7.6	145	258	194	58.8	2.5	985	7.6	161	204	55.9	2.8	991	7.7	94	196	82	70.7	0.2	1050	7.8	19	55	20	88.0	0.01	1124	41.6	59.8	92.9	79.8	71.9	86.9	78.7	89.7	99.6
D-2/10/91	33649	1.44	7.5	147	351	230	47.0	3.5	1395	7.7	169	264	47.7	4.2	1390	7.8	99	253	86	76.7	0.3	1160	7.8	24	89	17	84.7	0.01	1068	41.4	67.4	92.9	75.8	64.8	83.7	?	92.6	99.7
D-3/10/91	34536	0.47	7.6	133	316	188	61.7	2.5	1273	7.5	219	218	59.6	3.5	1322	7.6	69	264	92	71.7	0.2	1373	7.7	20	104	22	76.4	0.01	1371	68.5	57.8	94.3	71.0	60.6	85.0	67.1	88.3	99.6
D-4/10/91	33178	1.40	7.6	155	392	182	64.8	4.5	1198	7.7	?	180	66.7	4.0	1264	7.8	34	356	78	79.5	0.4	1245	7.8	12	68	15	72.0	0.01	1248	?	56.7	90.0	64.7	80.9	92.3	82.7	91.8	99.8
D-5/10/91	33695	1.10	7.3	133	520	?	85.0	3.3	1258	7.6	155	128	79.7	3.0	1251	7.7	87	194	?	?	0.2	1130	7.8	16	44	?	?	0.01	1165	43.9	?	93.3	81.6	77.3	88.0	91.5	?	99.7
D-6/10/91	30442	4.50	7.8	152	318	204	55.9	3.5	1615	7.9	135	236	56.8	4.5	1595	7.9	103	198	74	75.7	0.3	1630	7.9	13	62	13	86.2	0.01	1534	23.7	68.6	93.3	87.4	68.7	91.4	80.5	93.6	99.7
D-8/10/91	29448	3.00	7.6	115	272	266	38.4	2.5	1418	7.7	117	290	40.0	3.5	1385	7.7	75	248	84	69.1	0.2	1446	7.6	18	52	18	68.9	0.02	1498	35.9	71.0	95.7	76.0	79.0	84.3	80.9	93.2	99.2
D-9/10/91	33623	0.50	7.8	135	366	240	49.2	4.5	1344	7.7	149	354	45.8	7.0	1274	7.7	112	220	110	60.0	0.2	1182	7.8	29	84	23	81.7	0.02	1144	24.8	68.9	97.1	74.1	61.8	78.5	77.0	90.4	99.6
D-11/10/91	30927	0.40	7.8	184	424	366	51.9	6.5	1365	7.7	167	304	50.7	6.0	1384	7.8	75	212	88	72.7	0.2	1353	7.7	13	64	15	80.0	0.02	1374	55.1	71.1	96.7	82.7	69.8	92.9	84.9	95.9	99.7
D-12/10/91	34823	0.27	7.9	170	332	226	64.6	5.4	1219	7.9	163	272	58.8	5.5	1223	7.9	94	192	78	76.9	0.2	1134	7.8	21	24	18	83.3	0.02	1105	42.3	71.3	96.4	77.7	87.5	87.6	92.8	92.0	99.6
D-13/10/91	34018	0.88	7.6	153	464	274	55.5	5.5	1149	7.7	142	284	53.5	6.0	1165	7.7	82	228	74	75.7	0.2	1157	7.7	21	92	18	82.2	0.10	1180	42.3	73.9	96.7	74.4	59.6	86.3	80.2	93.4	98.2
D-15/10/91	42876	0.17	7.8	133	349	310	47.7	6.5	875	7.8	128	356	41.0	6.0	870	7.8	67	172	64	78.1	0.2	887	7.8	16	55	19	77.9	0.03	976	47.7	82.0	97.5	76.1	68.0	88.0	84.2	93.9	99.6
D-16/10/91	34820	0.25	8.1	185	439	256	56.3	7.5	2210	7.9	180	316	53.2	7.0	2070	7.9	121	247	102	72.6	0.3	1770	7.8	33	47	21	80.0	0.02	1539	32.8	67.7	96.4	72.7	81.0	82.2	89.3	91.8	99.7
D-17/10/91	31780	0.14	7.7	175	457	262	60.3	4.5	1700	7.7	?	356	60.0	7.5	1698	7.8	?	251	98	81.6	0.3	1659	7.8	25	64	24	87.5	0.08	1631	?	72.5	96.0	?	74.5	85.7	86.0	90.8	98.3
D-18/10/91	33370	0.12	7.8	223	511	202	63.4	4.7	1473	7.8	228	276	59.4	5.5	1584	7.7	122	273	86	72.1	0.2	1510	7.8	22	81	22	81.8	0.02	1504	46.5	68.8	96.4	82.0	70.3	?	84.1	89.1	99.6
D-19/10/91	34408	0.25	8.0	174	442	268	57.5	5.7	1306	7.9	180	302	64.2	7.2	1316	7.9	121	275	96	70.8	0.4	1219	7.9	20	54	18	77.8	0.02	1241	32.8	68.2	94.4	83.5	80.4	88.5	87.8	93.3	99.6
D-20/10/91	32720	1.59	7.8	235	489	252	65.1	4.5	2110	7.8	244	268	64.2	5.0	2100	7.9	135	303	88	68.2	0.2	2120	7.9	27	140	24	70.8	0.20	2080	44.7	67.2	96.0	80.0	53.8	88.5	71.4	90.5	95.6
D-22/10/91	28707	0.40	7.8	117	296	142	71.8	3.0	1494	7.8	108	158	67.1	3.0	1516	7.8	96	250	68	91.2	0.2	1564	7.8	23	77	19	80.0	0.10	1680	11.1	57.0	93.3	76.0	69.2	80.3	74.0	86.6	96.7
D-23/10/91	36182	?	7.7	195	380	216	66.7	4.5	1542	7.8	170	240	66.7	3.5	1311	7.8	119	238	82	80.5	0.2	1443	7.9	37	100	18	88.9	0.05	1365	30.0	65.8	94.3	68.9	58.0	81.0	73.7	91.7	98.9
D-24/10/91	34364	1.20	7.9	191	?	184	73.9	6.5	1384	7.8	192	164	67.1	5.0	1461	7.8	114	?	66	97.0	0.4	1480	7.8	12	?	15	93.3	0.10	1463	40.6	59.8	92.0	89.5	?	93.7	?	91.8	98.5
D-25/10/91	35400	0.70	7.6	156	364	194	63.9	5.5	1680	7.6	169	222	55.9	5.0	1637	7.6	89	?	86	60.5	0.3	1537	7.7	21	64	18	77.8	0.01	1840	47.3	61.3	94.0	76.4	?	86.5	82.4	90.7	99.8
D-26/10/91	30964	3.30	7.7	220	540	184	62.0	3.5	1445	7.7	?	140	58.6	3.0	1414	7.6	?	207	86	81.4	0.2	1428	7.9	16	27	15	70.7	0.15	1337	?	38.6	93.3	?	87.0	92.7	95.0	91.8	95.7
D-27/10/91	35573	7.30	7.6	176	333	178	64.0	3.5	1627	7.7	170	178	67.4	3.0	1684	7.6	?	247	106	77.4	0.2	1720	7.6	16	67	23	80.0	0.05	1799	?	40.4	95.0	?	72.9	90.9	79.9	?	98.6
D-29/10/91	29801	1.60	7.7	172	400	136	70.1	1.5	1402	7.7	182	178	65.2	2.5	1417	7.8	123	263	106	69.8	0.3	1421	7.7	15	59	22	81.8	0.05	1468	32.4	40.4	88.0	87.8	77.6	91.3	85.3	83.8	96.7
D-30/10/91	31524	1.60	7.9	?	478	204	64.7	6.0	1798	7.9	?	214	66.4	7.2	1814	7.9	?	365	120	70.0	2.5	1713	7.8	?	90	21	85.7	0.05	1568	?	43.9	65.3	?	75.3	?	81.2	89.7	99.2
D-1/8/91	29834	3.00	7.4	160	348	194	61.9	3.0	1720	7.5	148	172	65.1	2.5	1729	7.6	105	265	80	82.5	0.2	1780	7.7	15	95	28	77.1	0.02	1772	29.1	53.5	92.0	85.7	64.2	90.6	72.7	85.6	99.3
D-2/8/91	28492	2.60	7.5	124	281	172	66.3	3.0	1520	7.5	117	172	65.1	2.0	1479	7.6	77	221	90	68.9	0.0	1535	7.8	12	75	20	86.0	0.02	1549	34.2	47.7	99.0	84.4	66.1	90.3	73.3	88.4	99.3
D-4/8/91	24978	0.50	7.3	146	288	124	67.7	2.0	1210	7.4	145	109	68.8	1.3	1164	7.4	81	200	52	67.3	0.1	1202	7.5	20	?	29	82.9	0.02	1259	?	52.3	92.3	75.3	?	86.3	?	76.6	99.0
D-5/8/91	29719	0.20	7.6	133	284	186	71.0	5.0	1114	7.6	136	194	68.0	2.5	1095	7.6	61	160	52	94.2	0.1	1076	7.8	11	60	21	91.4	0.02	1100	55.1	73.2	96.0	82.0	62.5	91.7	78.9	88.7	99.6
D-6/8/91	29741	0.45	7.9	151	316	196	64.3	2.5	948	7.8	163	200	69.0	3.0	904	7.9	90	220	71	81.7	0.2	929	8.0	16	44	22	85.5	0.00	951	44.8	64.5	95.0	82.2	80.0	89.4	86.1	88.8	100
D-7/8/91	29027	0.40	7.6	136	328	186	67.7	3.0	899	7.6	132	170	71.8	2.5	921	7.6	73	192	61	83.6	0.2	872	7.8	11	76	23	76.5	0.02	898	?	64.1	94.0	84.9	60.4	91.9	76.8	87.6	99.3
D-8/8/91	30211	0.50	7.6	114	521	506	44.3	7.5	866	7.5	113	498	44.2	8.0	882	7.6	58	137	65	78.5	0.1	880	7.9	11	44	20	78.0	0.02	884	48.7	86.9	98.8	81.0	67.9	90.4	91.6	96.0	99.7
D-9/8/91	30848	0.20	7.7	142	376	144	70.8	3.0	940	7.6	129	164	69.5	7.5	918	7.6	?	255	86	79.1	0.2	933	7.8	9	57	14	82.9	0.02	947	?	47.6	97.3	?	77.6	93.7	84.8	90.3	99.3
D-11/8/91	17527	0.55	7.5	150	171	172	37.2	1.4	732	7.5	113	220	38.2	1.0	731	7.5	42	113	49	67.4	0.1	691	7.6	11	39	16	85.0	0.02	728	62.8	77.7	90.0	73.8	65.5	92.7	77.2	90.7	98.6
D-12/8/91	33331	0.23	7.6	92	233	234	37.6	1.4	829	7.6	103	172	57.0	1.5	852	7.6	65	167	97	58.8	0.2	879	7.7	8	47	18	77.8	0.01	929	36.9	43.6	86.7	87.7	71.9	91.3	79.8	92.3	99.3
D-13/8/91	27998	0.62	7.5	138	268	154	66.2	1.7	890	7.5	105	166	64.0	1.5	880	7.7	65	157	97	64.9	0.2	827	7.8	8	33	13	84.6	0.02	858	38.1	41.6	86.7	87.7	79.0	94.2	87.7	91.6	98.8
D-14/8/91	32845	0.23	7.6	84	251	98	71.4	2.0	866	7.6	110	104	67.3	1.5	877	7.6	54	161	66	69.7	0.3	840	7.6	7	49	17	87.1	0.02	879	50.9	36.5	80.0	87.0	69.6	91.7	80.5	82.7	99.0
D-16/8/91	27933	0.20	7.6	158	375	178	60.7	3.5	1049	7.7	153	168	59.5	3.0	992	7.7	49	177	56	71.4	0.1	910	7.9	9	103	30	64.0	0.05	828	68.0	66.7	96.7	81.6	41.8	94.3	72.5	83.1	98.6
D-18/8/91	27527	0.20	7.3	191	240	166	73.5	3.0	1072	7.4	130	156	75.6	2.5	1023	7.4	80	?	71	77.5	0.3	990	7.5	8	44	11	100	0.02	999	38.5	54.5	88.0	90.0	?	95.8	81.7	93.4	99.3
D-19/8/91	32363	0.10	7.6	159	310	146	68.5	1.6	1096	7.6	131	166	71.1	1.7	1083	7.7	98	169	64	84.4	0.2	1112	7.9	21	59	16	70.0	0.01	1083	25.2	61.4	91.2	78.6	65.1	86.8	81.0	89.0	99.4
D-20/8/91	31437	0.47	7.6	132	304	148	64.9	2.0	939	7.7	147	156	61.5	1.8	974	7.8	80	155	62	77.4	0.1	1008	7.9	14	42	13	83.1	0.01	1012	45.6	60.3	94.4	82.5	72.9	89.4	86.2	91.2	99.5
D-21/8/91	31914	2.00	7.7	127	274	144	72.2	2.0	1031	7.6	124	162	69.1	3.0	1048	7.6	80	157	69	82.6	0.2	1020	7.8	9	35	16	82.5	0.01	1053	?	?	?	?	77.7	?	?	?	?
D-22/8/91	28088	0.20	7.5	153	307	124	82.3	2.5	1044	7.6	163	136	70.6	2.5	1039	7.7	97	188	62	91.9	0.2	1045	7.9	10	46	12	90.0	0.00	1038	40.5	54.4	94.0	89.7	75.5	93.5	85.0	90.3	100
D-23/8/91	27838	0.13	7.6	179	265	128	71.9	1.8	992	7.6	102	120	85.0	2.0	1012	7.7	88	188	66	84.9	0.1	1036	7.9	11	54	14	82.9	0.00	1044	13.7	45.0	95.0	87.5	71.3	93.9	79.6	89.1	100
D-25/8/91	29271	0.36	7.5	99	585	140	71.4	?	962	7.6	103	194	62.3	?	966	7.6	61	129	55	83.6	?	993	7.7	25	95	26	76.9	?	968	40.8	71.6	?	59.0	26.4	74.7	83.8	81.4	?
D-26/8/91	32723	0.16	7.7	93	252	176	56.8	2.3	894	7.7	108	146	65.8	3.0	873	7.7	63	224	55	78.2	0.2	915	7.9	19	54	6	100	0.01	942	?	62.3	93.3	69.8	75.9	79.6	78.6	96.6	99.6
D-27/8/91	33535	0.32	7.8	192	346	172	68.6	4.0	988	7.8	210	192	68.8	4.5	991	7.7	100	215	80	73.8	0.1	966	7.9	17	88	16	90.0	0.00	950	?	58.3	97.8	83.0	59.1	91.1	74.6	90.7	100
D-28/8/91	32922	0.30	7.4	139	367	180	64.4	3.0	1060	7.5	163	200	63.0	3.5	1040	7.6	105	250	70	85.7	0.1	1152	7.7	25	84	20	84.0	0.02	1136	?	65.0	97.1	76.2	66.4	82.0	77.1	88.9	99
D-29/8/91	32190	0.30	7.3	200	545	258	65.1	4.0	1260	7.4	191	226	67.3	3.5	1198	7.5	115	244	77	76.6	0.1	1351	7.7	21	71	27	71.1	0.01	1326	39.8	65.9	97.1	81.7	70.9	89.5	87.0	89.5	99.8
D-30/8/91	30488	0.21	7.5	152	300	132	69.7	?	1073	7.4	150	210	60.0	?	1081	7.4	93	233	64	84.4	?	1188	7.3	17	55	18	80.0	?	1224	?	69.5	?	81.7	76.4	?	81.7	86.4	?
